index,Bacteria;;;;;;;,Bacteria;PVC;Verrucomicrobia;Verrucomicrobia_X;Verrucomicrobiae;Pedosphaerales;Pedosphaeraceae;Pedosphaeraceae_X,Bacteria;PANNAM;Proteobacteria;Proteobacteria_X;Deltaproteobacteria;Myxococcales;Archangiaceae;Archangium,Bacteria;PANNAM;Proteobacteria;Proteobacteria_X;Deltaproteobacteria;Oligoflexales;03196G20;03196G20_X,Bacteria;FCB;Bacteroidetes;Bacteroidetes_X;Bacteroidia;Flavobacteriales;Crocinitomicaceae;Fluviicola,Eukaryota:plas;Archaeplastida:plas;Chlorophyta:plas;Chlorophyta_X:plas;Trebouxiophyceae:plas;Prasiolales:plas;Prasiolales_X:plas;Stichococcus:plas,Bacteria;PANNAM;Proteobacteria;Proteobacteria_X;Alphaproteobacteria;Rhizobiales;Rhizobiales_Incertae_Sedis;,;;;;;;;,Eukaryota:plas;Archaeplastida:plas;Chlorophyta:plas;Chlorophyta_X:plas;Chlorophyceae:plas;Sphaeropleales:plas;Scenedesmaceae:plas;Scenedesmaceae_X:plas,Bacteria;Terrabacteria;Firmicutes;Firmicutes_X;Bacilli;Bacillales;Paenibacillaceae;Paenibacillus,Bacteria;FCB;Bacteroidetes;Bacteroidetes_X;Ignavibacteria;OPB56;OPB56_X;OPB56_XX,Bacteria;PANNAM;Proteobacteria;Proteobacteria_X;Gammaproteobacteria;Betaproteobacteriales;Nitrosomonadaceae;Ellin6067,Bacteria;PVC;Planctomycetes;Planctomycetes_X;Planctomycetacia;Pirellulales;Pirellulaceae;Blastopirellula,Bacteria;FCB;Bacteroidetes;Bacteroidetes_X;Bacteroidia;Flavobacteriales;;,Bacteria;PANNAM;Proteobacteria;Proteobacteria_X;Alphaproteobacteria;;;,Eukaryota:plas;Excavata:plas;Discoba:plas;Euglenozoa:plas;Euglenida:plas;Euglenophyceae:plas;Euglenaceae:plas;Trachelomonas:plas,Bacteria;PANNAM;Proteobacteria;Proteobacteria_X;Deltaproteobacteria;Myxococcales;Blfdi19;Blfdi19_X,Bacteria;PVC;Verrucomicrobia;Verrucomicrobia_X;Verrucomicrobiae;Verrucomicrobiales;Verrucomicrobiaceae;Verrucomicrobiaceae_X,Eukaryota:plas;Archaeplastida:plas;Chlorophyta:plas;Chlorophyta_X:plas;Chlorophyceae:plas;Chlamydomonadales:plas;Chlamydomonadales_X:plas;,Eukaryota:plas;Archaeplastida:plas;Chlorophyta:plas;Chlorophyta_X:plas;Chlorophyceae:plas;Chlamydomonadales:plas;Chlamydomonadales_X:plas;Spermatozopsis:plas,Bacteria;Terrabacteria;Firmicutes;Firmicutes_X;Clostridia;Clostridiales;Ruminococcaceae;Acetivibrio,Bacteria;FCB;Bacteroidetes;Bacteroidetes_X;Bacteroidia;Chitinophagales;Chitinophagaceae;Dinghuibacter,Bacteria;PANNAM;Proteobacteria;Proteobacteria_X;Alphaproteobacteria;Rhizobiales;A0839;A0839_X,Bacteria;PVC;Verrucomicrobia;Verrucomicrobia_X;Verrucomicrobiae;Chthoniobacterales;Xiphinematobacteraceae;Candidatus_Xiphinematobacter,Bacteria;PANNAM;Proteobacteria;Proteobacteria_X;Gammaproteobacteria;Betaproteobacteriales;Rhodocyclaceae;Dechloromonas,Bacteria;PVC;Verrucomicrobia;Verrucomicrobia_X;Verrucomicrobiae;Verrucomicrobiales;Rubritaleaceae;Luteolibacter,Bacteria;PANNAM;Proteobacteria;Proteobacteria_X;Gammaproteobacteria;;;,Bacteria;PANNAM;Proteobacteria;Proteobacteria_X;Deltaproteobacteria;Bdellovibrionales;Bdellovibrionaceae;OM27_clade,Bacteria;Terrabacteria;Actinobacteria;Actinobacteria_X;Acidimicrobiia;Microtrichales;Ilumatobacteraceae;CL50029_marine_group,Bacteria;CMS;Cyanobacteria;Cyanobacteria_X;Cyanophyceae;Synechococcales;Cyanobiaceae;Cyanobium_PCC6307,Bacteria;PANNAM;Proteobacteria;Proteobacteria_X;Gammaproteobacteria;Betaproteobacteriales;Burkholderiaceae;,Eukaryota:plas;Archaeplastida:plas;Chlorophyta:plas;Chlorophyta_X:plas;Trebouxiophyceae:plas;Chlorellales:plas;Chlorellales_X:plas;Chlorella:plas,Bacteria;PANNAM;Proteobacteria;Proteobacteria_X;;;;,Bacteria;Terrabacteria;Actinobacteria;Actinobacteria_X;Actinobacteria_XX;Frankiales;Sporichthyaceae;Sporichthyaceae_X,Bacteria;FCB;Bacteroidetes;Bacteroidetes_X;Bacteroidia;Sphingobacteriales;Sphingobacteriaceae;Pedobacter,Bacteria;FCB;Bacteroidetes;Bacteroidetes_X;Bacteroidia;Cytophagales;Cyclobacteriaceae;Algoriphagus,Bacteria;PVC;Verrucomicrobia;Verrucomicrobia_X;Verrucomicrobiae;Chthoniobacterales;Chthoniobacteraceae;Candidatus_Udaeobacter,Eukaryota:plas;Cryptista:plas;Cryptophyta:plas;Cryptophyta_X:plas;Cryptophyceae:plas;Cryptomonadales:plas;Cryptomonadales_X:plas;Cryptomonas:plas,Bacteria;PANNAM;Proteobacteria;Proteobacteria_X;Gammaproteobacteria;Betaproteobacteriales;Methylophilaceae;Methylotenera,Eukaryota:plas;Excavata:plas;Discoba:plas;Euglenozoa:plas;Euglenida:plas;Euglenophyceae:plas;Euglenaceae:plas;Euglena:plas,Bacteria;PANNAM;Proteobacteria;Proteobacteria_X;Gammaproteobacteria;Gammaproteobacteria_Incertae_Sedis;Gammaproteobacteria_Incertae_Sedis_X;Acidibacter,Bacteria;FCB;Bacteroidetes;Bacteroidetes_X;Bacteroidia;;;,Eukaryota:plas;Archaeplastida:plas;Chlorophyta:plas;Chlorophyta_X:plas;Trebouxiophyceae:plas;Chlorellales:plas;Chlorellales_X:plas;,Eukaryota;;;;;;;,Bacteria;PANNAM;Proteobacteria;Proteobacteria_X;Alphaproteobacteria;Sphingomonadales;Sphingomonadaceae;Sphingobium,Bacteria;PANNAM;Proteobacteria;Proteobacteria_X;Gammaproteobacteria;Xanthomonadales;Rhodanobacteraceae;,Bacteria;FCB;Bacteroidetes;Bacteroidetes_X;Bacteroidia;Flavobacteriales;Flavobacteriaceae;Flavobacterium,Eukaryota:plas;Archaeplastida:plas;Chlorophyta:plas;Chlorophyta_X:plas;Trebouxiophyceae:plas;Chlorellales:plas;;,Bacteria;PANNAM;Proteobacteria;Proteobacteria_X;Alphaproteobacteria;Rhodobacterales;Rhodobacteraceae;Rhodobacter,Bacteria;FCB;Bacteroidetes;Bacteroidetes_X;Bacteroidia;Chitinophagales;Chitinophagaceae;Sediminibacterium,Eukaryota:plas;Archaeplastida:plas;Chlorophyta:plas;Chlorophyta_X:plas;Pedinophyceae:plas;Pedinomonadales:plas;Pedinomonadaceae:plas;Pedinomonas:plas,Bacteria;PVC;Planctomycetes;Planctomycetes_X;Planctomycetacia;Pirellulales;Pirellulaceae;Pirellula,Eukaryota:plas;Archaeplastida:plas;Chlorophyta:plas;Chlorophyta_X:plas;Chlorophyceae:plas;Chlamydomonadales:plas;Chlamydomonadales_X:plas;Hafniomonas:plas,Bacteria;PANNAM;Proteobacteria;Proteobacteria_X;Alphaproteobacteria;Caulobacterales;Caulobacteraceae;Phenylobacterium,Eukaryota:plas;Archaeplastida:plas;Chlorophyta:plas;Chlorophyta_X:plas;Chlorophyceae:plas;Chlamydomonadales:plas;Chlamydomonadales_X:plas;Chlamydomonas:plas,Bacteria;PANNAM;Proteobacteria;Proteobacteria_X;Deltaproteobacteria;Myxococcales;Archangiaceae;Cystobacter,Bacteria;PANNAM;Proteobacteria;Proteobacteria_X;Deltaproteobacteria;Bdellovibrionales;Bacteriovoracaceae;Peredibacter,Bacteria;PANNAM;Proteobacteria;Proteobacteria_X;Alphaproteobacteria;Acetobacterales;Acetobacteraceae;Roseomonas,Bacteria;PANNAM;Proteobacteria;Proteobacteria_X;Gammaproteobacteria;Legionellales;Legionellaceae;Legionella,Bacteria;FCB;Bacteroidetes;Bacteroidetes_X;Bacteroidia;Chitinophagales;Chitinophagaceae;Parasediminibacterium,Eukaryota;TSAR;Alveolata;Ciliophora;Litostomatea;Rhynchostomatia;Dileptidae;Dileptidae_X,Bacteria;Terrabacteria;Actinobacteria;Actinobacteria_X;Actinobacteria_XX;Corynebacteriales;Mycobacteriaceae;Mycobacterium,Bacteria;PANNAM;Proteobacteria;Proteobacteria_X;Deltaproteobacteria;Myxococcales;mle127;mle127_X,Bacteria;CCD;Chloroflexi;Chloroflexi_X;Chloroflexia;Chloroflexales;Roseiflexaceae;Roseiflexaceae_X,Bacteria;PVC;Planctomycetes;Planctomycetes_X;Planctomycetacia;Pirellulales;Pirellulaceae;,Eukaryota:plas;Archaeplastida:plas;Chlorophyta:plas;Chlorophyta_X:plas;Chlorophyceae:plas;Sphaeropleales:plas;Sphaeropleales_X:plas;Acutodesmus:plas,Bacteria;PANNAM;Proteobacteria;Proteobacteria_X;Gammaproteobacteria;Betaproteobacteriales;Burkholderiaceae;Hydrogenophaga,Eukaryota:mito;Archaeplastida:mito;Streptophyta:mito;Streptophyta_X:mito;Embryophyceae:mito;Embryophyceae_X:mito;Embryophyceae_XX:mito;,Bacteria;FCB;Bacteroidetes;Bacteroidetes_X;Bacteroidia;Chitinophagales;Chitinophagaceae;,Bacteria;Terrabacteria;Firmicutes;Firmicutes_X;Bacilli;Bacillales;Bacillaceae;Bacillus,Bacteria;PANNAM;Proteobacteria;Proteobacteria_X;Alphaproteobacteria;Sphingomonadales;Sphingomonadaceae;Novosphingobium,Eukaryota:plas;Archaeplastida:plas;Chlorophyta:plas;Chlorophyta_X:plas;Chlorophyceae:plas;;;,Eukaryota:plas;TSAR:plas;Stramenopiles:plas;Gyrista:plas;Chrysophyceae:plas;Chrysophyceae_X:plas;Chrysophyceae_XX:plas;Chrysophyceae_XXX:plas,Bacteria;FCB;Bacteroidetes;Bacteroidetes_X;Bacteroidia;Bacteroidales;Dysgonomonadaceae;Dysgonomonas,Eukaryota:plas;Archaeplastida:plas;Chlorophyta:plas;Chlorophyta_X:plas;;;;,Bacteria;PANNAM;Proteobacteria;Proteobacteria_X;Gammaproteobacteria;Betaproteobacteriales;Burkholderiaceae;Limnohabitans,Bacteria;Terrabacteria;Actinobacteria;Actinobacteria_X;Actinobacteria_XX;Micrococcales;Microbacteriaceae;Rhodoluna,Bacteria;PANNAM;;;;;;,Bacteria;PANNAM;Proteobacteria;Proteobacteria_X;Gammaproteobacteria;Betaproteobacteriales;Methylophilaceae;,Bacteria;Terrabacteria;Actinobacteria;Actinobacteria_X;Actinobacteria_XX;Micromonosporales;Micromonosporaceae;Micromonospora,Bacteria;CMS;Cyanobacteria;Cyanobacteria_X;Cyanophyceae;Synechococcales;Cyanobiaceae;,Bacteria;FCB;Bacteroidetes;Bacteroidetes_X;Bacteroidia;Cytophagales;Microscillaceae;Microscillaceae_X,Bacteria;PANNAM;Proteobacteria;Proteobacteria_X;Alphaproteobacteria;Paracaedibacterales;Paracaedibacteraceae;Paracaedibacteraceae_X,Bacteria;PANNAM;Proteobacteria;Proteobacteria_X;Alphaproteobacteria;Rickettsiales;Rickettsiaceae;Rickettsia,Bacteria;PVC;Verrucomicrobia;Verrucomicrobia_X;Verrucomicrobiae;Opitutales;Puniceicoccaceae;,Bacteria;FCB;Bacteroidetes;Bacteroidetes_X;Bacteroidia;Bacteroidales;;,Bacteria;PANNAM;Proteobacteria;Proteobacteria_X;Gammaproteobacteria;Betaproteobacteriales;Burkholderiaceae;Burkholderiaceae_X,Bacteria;PANNAM;Proteobacteria;Proteobacteria_X;Gammaproteobacteria;Steroidobacterales;Steroidobacteraceae;Steroidobacteraceae_X,Bacteria;DST;Deinococcus_Thermus;Deinococcus_Thermus_X;Deinococci;Thermales;Thermaceae;Meiothermus,Eukaryota:plas;Archaeplastida:plas;Chlorophyta:plas;Chlorophyta_X:plas;Trebouxiophyceae:plas;;;,Bacteria;FCB;Bacteroidetes;Bacteroidetes_X;Bacteroidia;Chitinophagales;;,Bacteria;PANNAM;Acidobacteria;Acidobacteria_X;Acidobacteriia;Solibacterales;Solibacteraceae_(Subgroup_3);Bryobacter,Bacteria;PANNAM;Proteobacteria;Proteobacteria_X;Gammaproteobacteria;Betaproteobacteriales;TRA320;TRA320_X,Bacteria;Terrabacteria;Firmicutes;Firmicutes_X;Clostridia;Clostridiales;Clostridiaceae_1;Clostridium_sensu_stricto_1,Bacteria;Terrabacteria;Firmicutes;Firmicutes_X;Clostridia;Clostridiales;Ruminococcaceae;Ruminococcaceae_X,Bacteria;PANNAM;Proteobacteria;Proteobacteria_X;Deltaproteobacteria;PB19;PB19_X;PB19_XX,Eukaryota:plas;Archaeplastida:plas;Chlorophyta:plas;Chlorophyta_X:plas;Mamiellophyceae:plas;Monomastigales:plas;Monomastigaceae:plas;Monomastix:plas,Bacteria;Terrabacteria;Actinobacteria;Actinobacteria_X;Actinobacteria_XX;;;,Bacteria;PVC;Kiritimatiellaeota;Kiritimatiellaeota_X;Kiritimatiellae;WCHB141;WCHB141_X;WCHB141_XX,Bacteria;PANNAM;Proteobacteria;Proteobacteria_X;Alphaproteobacteria;Acetobacterales;;,Bacteria;Terrabacteria;Actinobacteria;Actinobacteria_X;Acidimicrobiia;Microtrichales;Microtrichales_X;Microtrichales_XX,Bacteria;Terrabacteria;Actinobacteria;Actinobacteria_X;Actinobacteria_XX;Frankiales;Sporichthyaceae;hgcI_clade,Bacteria;PANNAM;Proteobacteria;Proteobacteria_X;Gammaproteobacteria;Betaproteobacteriales;Burkholderiaceae;Herbaspirillum,Bacteria;Gracilicutes;Fusobacteria;Fusobacteria_X;Fusobacteriia;Fusobacteriales;Fusobacteriaceae;Fusobacterium,Bacteria;PANNAM;Acidobacteria;Acidobacteria_X;Subgroup_6;Unknown_Order;Unknown_Order_X;Vicinamibacter,Bacteria;PANNAM;Proteobacteria;Proteobacteria_X;Gammaproteobacteria;Betaproteobacteriales;Burkholderiaceae;MWHUniP1_aquatic_group,Eukaryota:mito;;;;;;;,Bacteria;PANNAM;Proteobacteria;Proteobacteria_X;Deltaproteobacteria;Myxococcales;;,Eukaryota:mito;TSAR:mito;Stramenopiles:mito;Gyrista:mito;Eustigmatophyceae:mito;Eustigmatophyceae_X:mito;Eustigmatophyceae_XX:mito;Nannochloropsis:mito,Bacteria;PANNAM;Proteobacteria;Proteobacteria_X;Gammaproteobacteria;Betaproteobacteriales;Burkholderiaceae;Limnobacter,Bacteria;Terrabacteria;;;;;;,Bacteria;FCB;Bacteroidetes;Bacteroidetes_X;Bacteroidia;Chitinophagales;Chitinophagaceae;Ferruginibacter,Bacteria;Terrabacteria;Actinobacteria;Actinobacteria_X;Acidimicrobiia;Microtrichales;Ilumatobacteraceae;Ilumatobacteraceae_X,Bacteria;PVC;Planctomycetes;Planctomycetes_X;Planctomycetacia;Gemmatales;Gemmataceae;Gemmataceae_X,Bacteria;PANNAM;Proteobacteria;Proteobacteria_X;Alphaproteobacteria;Sphingomonadales;Sphingomonadaceae;Porphyrobacter,Bacteria;Terrabacteria;Firmicutes;Firmicutes_X;Clostridia;Clostridiales;Peptostreptococcaceae;Paraclostridium,Bacteria;PVC;Verrucomicrobia;Verrucomicrobia_X;Verrucomicrobiae;Opitutales;Puniceicoccaceae;Puniceicoccaceae_X,Bacteria;FCB;Bacteroidetes;Bacteroidetes_X;Bacteroidia;Sphingobacteriales;;,Bacteria;CMS;Cyanobacteria;Cyanobacteria_X;Cyanophyceae;Nostocales;Nostocaceae;,Bacteria;FCB;Bacteroidetes;Bacteroidetes_X;Bacteroidia;Chitinophagales;Saprospiraceae;Saprospiraceae_X,Bacteria;PANNAM;Proteobacteria;Proteobacteria_X;Gammaproteobacteria;Xanthomonadales;Xanthomonadaceae;Arenimonas,Bacteria;FCB;Bacteroidetes;Bacteroidetes_X;Ignavibacteria;Ignavibacteriales;PHOSHE36;PHOSHE36_X,Bacteria;Terrabacteria;Actinobacteria;Actinobacteria_X;Actinobacteria_XX;Frankiales;;,Bacteria;FCB;Bacteroidetes;Bacteroidetes_X;Bacteroidia;Flavobacteriales;Cryomorphaceae;Phaeocystidibacter,Bacteria;FCB;Bacteroidetes;Bacteroidetes_X;Bacteroidia;Bacteroidales;Bacteroidaceae;Bacteroides,Bacteria;FCB;Bacteroidetes;Bacteroidetes_X;Bacteroidia;Sphingobacteriales;NS1112_marine_group;NS1112_marine_group_X,Bacteria;CMS;Cyanobacteria;Cyanobacteria_X;Cyanophyceae;Nostocales;Cyanobacteriaceae;Symphothece_PCC7002,Bacteria;PANNAM;Proteobacteria;Proteobacteria_X;Deltaproteobacteria;;;,Bacteria;CCD;Chloroflexi;Chloroflexi_X;Anaerolineae;;;,Bacteria;PANNAM;Proteobacteria;Proteobacteria_X;Alphaproteobacteria;Sphingomonadales;Sphingomonadaceae;,Bacteria;FCB;Gemmatimonadetes;Gemmatimonadetes_X;Gemmatimonadetes_XX;Gemmatimonadales;Gemmatimonadaceae;Gemmatimonas,Bacteria;PANNAM;Proteobacteria;Proteobacteria_X;Gammaproteobacteria;Betaproteobacteriales;Burkholderiaceae;Polynucleobacter,Bacteria;PANNAM;Proteobacteria;Proteobacteria_X;Alphaproteobacteria;Rickettsiales;;,Bacteria;FCB;Bacteroidetes;Bacteroidetes_X;Bacteroidia;Chitinophagales;Chitinophagaceae;Chitinophagaceae_X,Bacteria;Terrabacteria;Firmicutes;Firmicutes_X;Clostridia;Clostridiales;Ruminococcaceae;Ruminiclostridium_1,Eukaryota:plas;TSAR:plas;Stramenopiles:plas;Gyrista:plas;Bacillariophyceae:plas;Thalassiophysales:plas;Catenulaceae:plas;Amphora:plas,Bacteria;PANNAM;Proteobacteria;Proteobacteria_X;Alphaproteobacteria;Rhizobiales;Beijerinckiaceae;,Eukaryota:plas;Cryptista:plas;Cryptophyta:plas;Cryptophyta_X:plas;Cryptophyceae:plas;Cryptomonadales:plas;Hemiselmidaceae:plas;Chroomonas:plas,Bacteria;PANNAM;Proteobacteria;Proteobacteria_X;Deltaproteobacteria;Myxococcales;Sandaracinaceae;Sandaracinaceae_X,Bacteria;Terrabacteria;Actinobacteria;Actinobacteria_X;Actinobacteria_XX;Micrococcales;Microbacteriaceae;,Eukaryota:plas;;;;;;;,Bacteria;FCB;Bacteroidetes;Bacteroidetes_X;Bacteroidia;Bacteroidales;Paludibacteraceae;Paludibacter,Bacteria;PANNAM;Proteobacteria;Proteobacteria_X;Alphaproteobacteria;Rhizobiales;Beijerinckiaceae;alphaI_cluster,Bacteria;PVC;Verrucomicrobia;Verrucomicrobia_X;Verrucomicrobiae;;;,Eukaryota:plas;Archaeplastida:plas;;;;;;,Bacteria;PANNAM;Proteobacteria;Proteobacteria_X;Gammaproteobacteria;Betaproteobacteriales;Burkholderiaceae;Aquabacterium,Bacteria;PANNAM;Proteobacteria;Proteobacteria_X;Gammaproteobacteria;Betaproteobacteriales;Burkholderiaceae;Diaphorobacter,Bacteria;Terrabacteria;Firmicutes;Firmicutes_X;;;;,Bacteria;PANNAM;Proteobacteria;Proteobacteria_X;Alphaproteobacteria;Rhizobiales;Beijerinckiaceae;Methylocystis,Bacteria;CMS;Cyanobacteria;Cyanobacteria_X;Cyanophyceae;Synechococcales;Synechococcaceae;Synechococcus_PCC7942,Bacteria;PANNAM;Proteobacteria;Proteobacteria_X;Gammaproteobacteria;WD260;WD260_X;WD260_XX,Bacteria;Terrabacteria;Firmicutes;Firmicutes_X;Clostridia;Clostridiales;Lachnospiraceae;Epulopiscium,Bacteria;FCB;Bacteroidetes;Bacteroidetes_X;Bacteroidia;Sphingobacteriales;env.OPS_17;env.OPS_17_X,Bacteria;CCD;Chloroflexi;Chloroflexi_X;Anaerolineae;RBG13549;RBG13549_X;RBG13549_XX,Eukaryota:plas;Archaeplastida:plas;Chlorophyta:plas;Chlorophyta_X:plas;Chlorophyceae:plas;Sphaeropleales:plas;Sphaeropleales_X:plas;Raphidocelis:plas,Bacteria;PANNAM;Proteobacteria;Proteobacteria_X;Gammaproteobacteria;Betaproteobacteriales;Burkholderiaceae;Rubrivivax,Bacteria;FCB;Bacteroidetes;Bacteroidetes_X;Bacteroidia;Flavobacteriales;NS9_marine_group;NS9_marine_group_X,Eukaryota;TSAR;Alveolata;Dinoflagellata;Dinophyceae;;;,Bacteria;PANNAM;Proteobacteria;Proteobacteria_X;Gammaproteobacteria;Betaproteobacteriales;Burkholderiaceae;GKS98_freshwater_group,Bacteria;FCB;Bacteroidetes;Bacteroidetes_X;Bacteroidia;Bacteroidales;Prolixibacteraceae;WCHB132,Eukaryota:plas;TSAR:plas;Stramenopiles:plas;Gyrista:plas;Xanthophyceae:plas;Xanthophyceae_X:plas;Xanthophyceae_XX:plas;Vaucheria:plas,Eukaryota:plas;Archaeplastida:plas;Chlorophyta:plas;Chlorophyta_X:plas;Chlorophyceae:plas;Chlamydomonadales:plas;Chlamydomonadales_X:plas;Gonium:plas,Bacteria;PANNAM;Proteobacteria;Proteobacteria_X;Deltaproteobacteria;Bdellovibrionales;Bacteriovoracaceae;Bacteriovorax,Bacteria;FCB;Bacteroidetes;Bacteroidetes_X;Bacteroidia;Bacteroidales;Rikenellaceae;Alistipes,Bacteria;Terrabacteria;Firmicutes;Firmicutes_X;Erysipelotrichia;Erysipelotrichales;Erysipelotrichaceae;Turicibacter,Bacteria;Terrabacteria;Firmicutes;Firmicutes_X;Clostridia;Clostridiales;Lachnospiraceae;Lachnospiraceae_X,Bacteria;Terrabacteria;Firmicutes;Firmicutes_X;Clostridia;Clostridiales;Family_XIII;,Bacteria;PVC;Planctomycetes;Planctomycetes_X;;;;,Bacteria;PANNAM;Proteobacteria;Proteobacteria_X;Gammaproteobacteria;Betaproteobacteriales;;,Bacteria;PANNAM;Proteobacteria;Proteobacteria_X;Gammaproteobacteria;Betaproteobacteriales;Burkholderiaceae;Comamonas,Bacteria;PANNAM;Proteobacteria;Proteobacteria_X;Deltaproteobacteria;Desulfarculales;Desulfarculaceae;Desulfarculaceae_X,Bacteria;Terrabacteria;Actinobacteria;Actinobacteria_X;Actinobacteria_XX;Micrococcales;Microbacteriaceae;Aurantimicrobium,Bacteria;PANNAM;Proteobacteria;Proteobacteria_X;Deltaproteobacteria;Myxococcales;Polyangiaceae;Polyangiaceae_X,Bacteria;PANNAM;Proteobacteria;Proteobacteria_X;Gammaproteobacteria;Betaproteobacteriales;Rhodocyclaceae;,Eukaryota:plas;TSAR:plas;Stramenopiles:plas;Gyrista:plas;Eustigmatophyceae:plas;Eustigmatophyceae_X:plas;Eustigmatophyceae_XX:plas;Nannochloropsis:plas,Bacteria;Terrabacteria;Firmicutes;Firmicutes_X;Clostridia;;;,Bacteria;CMS;Cyanobacteria;Cyanobacteria_X;Cyanophyceae;Nostocales;Nostocaceae;Dolichospermum_NIES41,Bacteria;PVC;Planctomycetes;Planctomycetes_X;Planctomycetacia;Gemmatales;Gemmataceae;Gemmata,Bacteria;PANNAM;Proteobacteria;Proteobacteria_X;Alphaproteobacteria;Rhizobiales;Beijerinckiaceae;Methylorosula,Bacteria;PANNAM;Proteobacteria;Proteobacteria_X;Deltaproteobacteria;Desulfuromonadales;Desulfuromonadaceae;Desulfuromonas,Bacteria;PVC;Verrucomicrobia;Verrucomicrobia_X;Verrucomicrobiae;Pedosphaerales;Pedosphaeraceae;ADurb.Bin0631,Eukaryota:plas;Archaeplastida:plas;Chlorophyta:plas;Chlorophyta_X:plas;Chlorophyceae:plas;Chlamydomonadales:plas;Chlamydomonadales_X:plas;Oogamochlamys:plas,Eukaryota:plas;TSAR:plas;Stramenopiles:plas;Gyrista:plas;Mediophyceae:plas;Mediophyceae_X:plas;Mediophyceae_XX:plas;Mediophyceae_XXX:plas,Bacteria;PANNAM;Proteobacteria;Proteobacteria_X;Deltaproteobacteria;Myxococcales;Haliangiaceae;Haliangium,Bacteria;FCB;Gemmatimonadetes;Gemmatimonadetes_X;Gemmatimonadetes_XX;Gemmatimonadales;Gemmatimonadaceae;Gemmatimonadaceae_X,Bacteria;PANNAM;Proteobacteria;Proteobacteria_X;Deltaproteobacteria;Myxococcales;Archangiaceae;,Bacteria;PANNAM;Proteobacteria;Proteobacteria_X;Gammaproteobacteria;Betaproteobacteriales;Burkholderiaceae;Ralstonia,Bacteria;CCD;Patescibacteria;Patescibacteria_X;Microgenomatia;Candidatus_Woesebacteria;Candidatus_Woesebacteria_X;Candidatus_Woesebacteria_XX,Bacteria;PANNAM;Proteobacteria;Proteobacteria_X;Gammaproteobacteria;Betaproteobacteriales;Burkholderiaceae;Undibacterium,Bacteria;PANNAM;Proteobacteria;Proteobacteria_X;Deltaproteobacteria;Bdellovibrionales;Bdellovibrionaceae;Bdellovibrio,Bacteria;Terrabacteria;Actinobacteria;Actinobacteria_X;Actinobacteria_XX;Frankiales;Nakamurellaceae;Nakamurella,Bacteria;Terrabacteria;Firmicutes;Firmicutes_X;Negativicutes;Selenomonadales;Veillonellaceae;Sporomusa,Bacteria;Terrabacteria;Firmicutes;Firmicutes_X;Bacilli;Lactobacillales;Leuconostocaceae;Weissella,Bacteria;FCB;Bacteroidetes;Bacteroidetes_X;Bacteroidia;Cytophagales;;,Bacteria;PANNAM;Proteobacteria;Proteobacteria_X;Alphaproteobacteria;Rhizobiales;;,Bacteria;FCB;Bacteroidetes;Bacteroidetes_X;Bacteroidia;Flavobacteriales;Weeksellaceae;Cloacibacterium,Bacteria;FCB;Bacteroidetes;Bacteroidetes_X;Bacteroidia;Cytophagales;Spirosomaceae;Pseudarcicella,Bacteria;PVC;Planctomycetes;Planctomycetes_X;Phycisphaerae;Phycisphaerales;Phycisphaeraceae;,Bacteria;PANNAM;Proteobacteria;Proteobacteria_X;Gammaproteobacteria;Diplorickettsiales;Diplorickettsiaceae;Diplorickettsiaceae_X,Eukaryota:plas;Archaeplastida:plas;Chlorophyta:plas;Chlorophyta_X:plas;Chlorophyta_XX:plas;Chlorophyta_XXX:plas;Chlorophyta_XXXX:plas;Chlorophyta_XXXXX:plas,Bacteria;Terrabacteria;Actinobacteria;Actinobacteria_X;Acidimicrobiia;Microtrichales;Ilumatobacteraceae;,Bacteria;PANNAM;Proteobacteria;Proteobacteria_X;Alphaproteobacteria;Rhizobiales;Hyphomicrobiaceae;Hyphomicrobium,Bacteria;CMS;Cyanobacteria;Cyanobacteria_X;Cyanophyceae;Nostocales;Microcystaceae;Microcystis_PCC7914,Bacteria;Terrabacteria;Firmicutes;Firmicutes_X;Erysipelotrichia;Erysipelotrichales;Erysipelotrichaceae;Erysipelothrix,Bacteria;PANNAM;Proteobacteria;Proteobacteria_X;Alphaproteobacteria;Paracaedibacterales;Paracaedibacteraceae;Candidatus_Finniella,Bacteria;Terrabacteria;Armatimonadetes;Armatimonadetes_X;Armatimonadia;Armatimonadales;Armatimonadaceae;Armatimonas,Eukaryota:plas;Archaeplastida:plas;Chlorophyta:plas;Chlorophyta_X:plas;Chlorophyceae:plas;Chlamydomonadales:plas;Chlamydomonadales_X:plas;Colemanosphaera:plas,Eukaryota:plas;TSAR:plas;Alveolata:plas;Dinoflagellata:plas;Dinophyceae:plas;Peridiniales:plas;Heterocapsaceae:plas;Heterocapsa:plas,Bacteria;Terrabacteria;Firmicutes;Firmicutes_X;Bacilli;Bacillales;Planococcaceae;Lysinibacillus,Eukaryota:plas;Archaeplastida:plas;Chlorophyta:plas;Chlorophyta_X:plas;Trebouxiophyceae:plas;Chlorellales:plas;Chlorellales_X:plas;Oocystis:plas,Bacteria;FCB;Bacteroidetes;Bacteroidetes_X;Bacteroidia;Cytophagales;Spirosomaceae;Dyadobacter,Bacteria;FCB;Fibrobacteres;Fibrobacteres_X;Fibrobacteria;Fibrobacterales;Fibrobacteraceae;Fibrobacteraceae_X,Bacteria;Terrabacteria;Actinobacteria;Actinobacteria_X;Thermoleophilia;Solirubrobacterales;Solirubrobacteraceae;Solirubrobacter,Bacteria;PANNAM;Proteobacteria;Proteobacteria_X;Deltaproteobacteria;Desulfobacterales;Desulfobacteraceae;,Bacteria;FCB;Bacteroidetes;Bacteroidetes_X;Bacteroidia;Flavobacteriales;Weeksellaceae;Elizabethkingia,Bacteria;PANNAM;Proteobacteria;Proteobacteria_X;Alphaproteobacteria;Rhodobacterales;Rhodobacteraceae;Paracoccus,Eukaryota:plas;Excavata:plas;Discoba:plas;Euglenozoa:plas;Euglenida:plas;Euglenophyceae:plas;;,Bacteria;Terrabacteria;Actinobacteria;Actinobacteria_X;Thermoleophilia;Gaiellales;Gaiellales_X;Gaiellales_XX,Bacteria;PVC;Verrucomicrobia;Verrucomicrobia_X;Verrucomicrobiae;Chthoniobacterales;;,Bacteria;Terrabacteria;Firmicutes;Firmicutes_X;Clostridia;Clostridiales;Peptostreptococcaceae;Terrisporobacter,Bacteria;Terrabacteria;Firmicutes;Firmicutes_X;Clostridia;Clostridiales;Clostridiaceae_1;Clostridium_sensu_stricto_11,Bacteria;PANNAM;Proteobacteria;Proteobacteria_X;Gammaproteobacteria;Betaproteobacteriales;Burkholderiaceae;Pseudoduganella,Bacteria;FCB;Bacteroidetes;Bacteroidetes_X;;;;,Bacteria;Terrabacteria;Firmicutes;Firmicutes_X;Erysipelotrichia;Erysipelotrichales;Erysipelotrichaceae;,Eukaryota:plas;Archaeplastida:plas;Streptophyta:plas;Streptophyta_X:plas;Zygnemophyceae:plas;Zygnemophyceae_X:plas;Zygnemophyceae_XX:plas;Staurastrum:plas,Bacteria;FCB;Bacteroidetes;Bacteroidetes_X;Bacteroidia;Chitinophagales;Saprospiraceae;Saprospira,Eukaryota:plas;Archaeplastida:plas;Chlorophyta:plas;Chlorophyta_X:plas;Trebouxiophyceae:plas;Prasiolales:plas;Prasiolales_X:plas;,Bacteria;PANNAM;Proteobacteria;Proteobacteria_X;Deltaproteobacteria;Desulfovibrionales;Desulfomicrobiaceae;Desulfomicrobium,Bacteria;PVC;Planctomycetes;Planctomycetes_X;Planctomycetacia;Isosphaerales;Isosphaeraceae;,Bacteria;FCB;Bacteroidetes;Bacteroidetes_X;Bacteroidia;Chitinophagales;Saprospiraceae;Lewinella,Eukaryota;TSAR;Alveolata;Ciliophora;Litostomatea;Haptoria_4;Didiniidae;Didiniidae_X,Bacteria;PANNAM;Proteobacteria;Proteobacteria_X;Alphaproteobacteria;Alphaproteobacteria_X;Alphaproteobacteria_XX;Alphaproteobacteria_XXX,Eukaryota:plas;Archaeplastida:plas;Chlorophyta:plas;Chlorophyta_X:plas;Trebouxiophyceae:plas;Chlorellales:plas;Chlorellaceae:plas;Chlorellaceae_X:plas,Bacteria;PANNAM;Proteobacteria;Proteobacteria_X;Gammaproteobacteria;Betaproteobacteriales;Burkholderiaceae;Acidovorax,Eukaryota:plas;Excavata:plas;Discoba:plas;Euglenozoa:plas;Euglenida:plas;Euglenophyceae:plas;Euglenaceae:plas;Euglenaria:plas,Bacteria;PANNAM;Proteobacteria;Proteobacteria_X;Gammaproteobacteria;Arenicellales;Arenicellaceae;Arenicellaceae_X,Eukaryota:plas;Archaeplastida:plas;Chlorophyta:plas;Chlorophyta_X:plas;Chlorophyceae:plas;Chlorophyceae_X:plas;Chlorophyceae_XX:plas;Treubaria:plas,Bacteria;CCD;Chloroflexi;Chloroflexi_X;Anaerolineae;Anaerolineales;Anaerolineaceae;,Bacteria;PANNAM;Proteobacteria;Proteobacteria_X;Gammaproteobacteria;Betaproteobacteriales;Methylophilaceae;MM2,Eukaryota;TSAR;Alveolata;Ciliophora;Litostomatea;Litostomatea_X;Litostomatea_XX;Litostomatea_XXX,Bacteria;PANNAM;Proteobacteria;Proteobacteria_X;Alphaproteobacteria;Rickettsiales;Rickettsiaceae;,Bacteria;Terrabacteria;Firmicutes;Firmicutes_X;Bacilli;Lactobacillales;Streptococcaceae;Lactococcus,Eukaryota:plas;TSAR:plas;Stramenopiles:plas;Gyrista:plas;Chrysophyceae:plas;;;,Eukaryota:plas;TSAR:plas;Stramenopiles:plas;Gyrista:plas;Chrysophyceae:plas;Ochromonadales:plas;Ochromonadaceae:plas;Ochromonas:plas,Bacteria;Terrabacteria;Actinobacteria;Actinobacteria_X;Actinobacteria_XX;Micrococcales;Microbacteriaceae;Candidatus_Planktoluna,Bacteria;Gracilicutes;Dependentiae;Dependentiae_X;Babeliae;Babeliales;Vermiphilaceae;Vermiphilaceae_X,Bacteria;PANNAM;Proteobacteria;Proteobacteria_X;Gammaproteobacteria;Betaproteobacteriales;Chromobacteriaceae;,Eukaryota:plas;TSAR:plas;Stramenopiles:plas;Gyrista:plas;Coscinodiscophyceae:plas;Aulacoseirales:plas;Aulacoseiraceae:plas;Aulacoseira:plas,Bacteria;PANNAM;Proteobacteria;Proteobacteria_X;Gammaproteobacteria;Betaproteobacteriales;Burkholderiaceae;Polaromonas,Bacteria;FCB;Bacteroidetes;Bacteroidetes_X;Bacteroidia;Sphingobacteriales;AKYH767;AKYH767_X,Bacteria;CMS;Cyanobacteria;Cyanobacteria_X;Cyanophyceae;;;,Eukaryota:plas;Archaeplastida:plas;Chlorophyta:plas;Chlorophyta_X:plas;Chlorophyceae:plas;Chlamydomonadales:plas;Chlamydomonadales_X:plas;Chlamydomonadales_XX:plas,Eukaryota:plas;TSAR:plas;Stramenopiles:plas;Gyrista:plas;Bacillariophyceae:plas;Licmophorales:plas;Ulnariaceae:plas;Ulnaria:plas,Eukaryota:plas;Archaeplastida:plas;Chlorophyta:plas;Chlorophyta_X:plas;Chlorophyceae:plas;Chlamydomonadales:plas;Chlamydomonadales_X:plas;Carteria:plas,Bacteria;Terrabacteria;Firmicutes;Firmicutes_X;Clostridia;Clostridiales;Clostridiaceae_1;Clostridium_sensu_stricto_13,Bacteria;Terrabacteria;Firmicutes;Firmicutes_X;Clostridia;Clostridiales;Family_XIII;Anaerovorax,Eukaryota:plas;Archaeplastida:plas;Chlorophyta:plas;Chlorophyta_X:plas;Chlorophyceae:plas;Sphaeropleales:plas;Sphaeropleales_X:plas;Hydrodictyon:plas,Bacteria;PVC;Planctomycetes;Planctomycetes_X;Planctomycetacia;Planctomycetales;Rubinisphaeraceae;Rubinisphaeraceae_X,Bacteria;PVC;Planctomycetes;Planctomycetes_X;Planctomycetacia;Planctomycetales;Planctomycetales_X;Planctomycetales_XX,Bacteria;CMS;Cyanobacteria;Cyanobacteria_X;Cyanophyceae;Nostocales;Phormidiaceae;Cephalothrix_SAG_75.79,Eukaryota:plas;Excavata:plas;Discoba:plas;Euglenozoa:plas;Euglenida:plas;Euglenophyceae:plas;Phacaceae:plas;Phacus:plas,Eukaryota;Obazoa;Opisthokonta;Metazoa;;;;,Bacteria;CMS;Cyanobacteria;Cyanobacteria_X;Cyanophyceae;Synechococcales;Cyanobiaceae;Prochlorococcus_MIT9313,Bacteria;FCB;Bacteroidetes;Bacteroidetes_X;Bacteroidia;Sphingobacteriales;Lentimicrobiaceae;Lentimicrobiaceae_X,Bacteria;FCB;Bacteroidetes;Bacteroidetes_X;Bacteroidia;Chitinophagales;Chitinophagales_X;Chitinophagales_XX,Eukaryota:plas;Archaeplastida:plas;Chlorophyta:plas;Chlorophyta_X:plas;Chlorophyceae:plas;Chlamydomonadales:plas;Chlamydomonadales_X:plas;Dunaliella:plas,Bacteria;FCB;Bacteroidetes;Bacteroidetes_X;Bacteroidia;Flavobacteriales;Weeksellaceae;Chryseobacterium,Bacteria;FCB;Bacteroidetes;Bacteroidetes_X;Bacteroidia;Cytophagales;Spirosomaceae;Arcicella,Eukaryota;TSAR;Alveolata;Ciliophora;Litostomatea;Litostomatea_X;Litostomatea_XX;,Bacteria;Terrabacteria;Firmicutes;Firmicutes_X;Clostridia;Clostridiales;Heliobacteriaceae;Hydrogenispora,Bacteria;Terrabacteria;Firmicutes;Firmicutes_X;Clostridia;Clostridiales;;,Bacteria;CMS;Cyanobacteria;Cyanobacteria_X;Cyanophyceae;Chroococcales;Chroococcales_X;Gloeocapsa,Bacteria;PANNAM;Proteobacteria;Proteobacteria_X;Deltaproteobacteria;Myxococcales;P3OB42;P3OB42_X,Bacteria;FCB;Bacteroidetes;Bacteroidetes_X;Bacteroidia;Chitinophagales;Saprospiraceae;Aureispira,Bacteria;PANNAM;Proteobacteria;Proteobacteria_X;Alphaproteobacteria;Rickettsiales;SM2D12;SM2D12_X,Eukaryota;Obazoa;Opisthokonta;Fungi;Opisthosporidia;Microsporida;Microsporida_X;Endoreticulatus,Bacteria;PANNAM;Proteobacteria;Proteobacteria_X;Gammaproteobacteria;Betaproteobacteriales;Burkholderiaceae;Curvibacter,Bacteria;PANNAM;Proteobacteria;Proteobacteria_X;Gammaproteobacteria;Ga0077536;Ga0077536_X;Ga0077536_XX,Bacteria;Terrabacteria;Firmicutes;Firmicutes_X;Clostridia;Clostridiales;Lachnospiraceae;Lachnoclostridium_5,Bacteria;Terrabacteria;Actinobacteria;Actinobacteria_X;Actinobacteria_XX;Micrococcales;Microbacteriaceae;Leifsonia,Bacteria;CMS;Cyanobacteria;Cyanobacteria_X;Cyanophyceae;Synechococcales;Cyanobiaceae;Synechococcus_CC9902,Bacteria;Terrabacteria;Firmicutes;Firmicutes_X;Clostridia;Clostridiales;Clostridiaceae_1;Anaerobacter,Bacteria;PANNAM;Proteobacteria;Proteobacteria_X;Deltaproteobacteria;Myxococcales;Polyangiaceae;Pajaroellobacter,Bacteria;Gracilicutes;Spirochaetes;Spirochaetes_X;Leptospirae;Leptospirales;Leptospiraceae;Leptospira,Eukaryota:plas;TSAR:plas;Stramenopiles:plas;Gyrista:plas;Mediophyceae:plas;Thalassiosirales:plas;Thalassiosiraceae:plas;Thalassiosira:plas,Bacteria;PANNAM;Proteobacteria;Proteobacteria_X;Gammaproteobacteria;Betaproteobacteriales;Burkholderiaceae;Actimicrobium,Bacteria;Terrabacteria;Firmicutes;Firmicutes_X;Negativicutes;Selenomonadales;Veillonellaceae;Veillonellaceae_X,Bacteria;PVC;Chlamydiae;Chlamydiae_X;Chlamydiae_XX;Chlamydiales;;,Eukaryota:plas;Cryptista:plas;Cryptophyta:plas;Cryptophyta_X:plas;Cryptophyceae:plas;Cryptomonadales:plas;Cryptomonadales_X:plas;Teleaulax:plas,Bacteria;PANNAM;Proteobacteria;Proteobacteria_X;Alphaproteobacteria;Rhizobiales;Xanthobacteraceae;Xanthobacteraceae_X,Bacteria;PANNAM;Proteobacteria;Proteobacteria_X;Deltaproteobacteria;NB1j;NB1j_X;NB1j_XX,Eukaryota:plas;Archaeplastida:plas;Chlorophyta:plas;Chlorophyta_X:plas;Nephroselmidophyceae:plas;Nephroselmidales:plas;Nephroselmidales_X:plas;Nephroselmis:plas,Bacteria;PVC;Verrucomicrobia;Verrucomicrobia_X;Verrucomicrobiae;Chthoniobacterales;Chthoniobacteraceae;LD29,Bacteria;PANNAM;Acidobacteria;Acidobacteria_X;Blastocatellia_(Subgroup_4);1124;1124_X;1124_XX,Bacteria;FCB;Bacteroidetes;Bacteroidetes_X;Bacteroidia;Flavobacteriales;Cryomorphaceae;Cryomorphaceae_X,Bacteria;PVC;Planctomycetes;Planctomycetes_X;Planctomycetacia;;;,Eukaryota:plas;Archaeplastida:plas;Chlorophyta:plas;Chlorophyta_X:plas;Chlorophyceae:plas;Chlamydomonadales:plas;Coccomyxaceae:plas;Coccomyxaceae_X:plas,Bacteria;PANNAM;Proteobacteria;Proteobacteria_X;Gammaproteobacteria;Betaproteobacteriales;Rhodocyclaceae;Sulfuritalea,Bacteria;PANNAM;Proteobacteria;Proteobacteria_X;Gammaproteobacteria;Diplorickettsiales;Diplorickettsiaceae;Rickettsiella,Bacteria;PANNAM;Proteobacteria;Proteobacteria_X;Gammaproteobacteria;Betaproteobacteriales;Burkholderiaceae;Bordetella,Eukaryota:plas;Archaeplastida:plas;Chlorophyta:plas;Chlorophyta_X:plas;Trebouxiophyceae:plas;Chlorellales:plas;Chlorellaceae:plas;Pseudochloris:plas,Bacteria;PANNAM;Proteobacteria;Proteobacteria_X;Gammaproteobacteria;Francisellales;Francisellaceae;Francisella,Bacteria;PANNAM;Proteobacteria;Proteobacteria_X;Alphaproteobacteria;Micavibrionales;Micavibrionales_X;Micavibrionales_XX,Bacteria;PANNAM;Proteobacteria;Proteobacteria_X;Gammaproteobacteria;Xanthomonadales;Xanthomonadaceae;,Bacteria;CMS;Cyanobacteria;Cyanobacteria_X;Cyanophyceae;Nostocales;;,Bacteria;PANNAM;Proteobacteria;Proteobacteria_X;Deltaproteobacteria;Myxococcales;Polyangiaceae;Jahnella,Bacteria;PANNAM;Proteobacteria;Proteobacteria_X;Gammaproteobacteria;Betaproteobacteriales;Burkholderiaceae;Alicycliphilus,Bacteria;Terrabacteria;Firmicutes;Firmicutes_X;Clostridia;Clostridiales;Lachnospiraceae;,Eukaryota:plas;Archaeplastida:plas;Chlorophyta:plas;Chlorophyta_X:plas;Trebouxiophyceae:plas;Chlorellales:plas;Chlorellales_X:plas;Closteriopsis:plas,Bacteria;PANNAM;Proteobacteria;Proteobacteria_X;Gammaproteobacteria;Betaproteobacteriales;Rhodocyclaceae;C39,Bacteria;FCB;Bacteroidetes;Bacteroidetes_X;Bacteroidia;Bacteroidales;Prevotellaceae;Prevotella,Bacteria;Terrabacteria;Actinobacteria;Actinobacteria_X;Actinobacteria_XX;Frankiales;Cryptosporangiaceae;Fodinicola,Bacteria;PANNAM;Proteobacteria;Proteobacteria_X;Alphaproteobacteria;Sphingomonadales;Sphingomonadaceae;Sphingomonas,Bacteria;Gracilicutes;Dependentiae;Dependentiae_X;Babeliae;Babeliales;;,Bacteria;PANNAM;Proteobacteria;Proteobacteria_X;Gammaproteobacteria;Betaproteobacteriales;Burkholderiaceae;Noviherbaspirillum,Bacteria;PANNAM;Proteobacteria;Proteobacteria_X;Gammaproteobacteria;Halothiobacillales;Halothiobacillaceae;Thiovirga,Bacteria;FCB;Bacteroidetes;Bacteroidetes_X;Bacteroidia;Bacteroidales;Prolixibacteraceae;Prolixibacteraceae_X,Eukaryota:plas;Archaeplastida:plas;Chlorophyta:plas;Chlorophyta_X:plas;Chlorophyceae:plas;Chlamydomonadales:plas;Chlamydomonadales_X:plas;Oophila:plas,Bacteria;PANNAM;Proteobacteria;Proteobacteria_X;Alphaproteobacteria;Rhizobiales;Rhizobiaceae;,Bacteria;PANNAM;Proteobacteria;Proteobacteria_X;Alphaproteobacteria;Rickettsiales;Rickettsiales_Incertae_Sedis;Candidatus_Hepatincola,Bacteria;Terrabacteria;Firmicutes;Firmicutes_X;Clostridia;Clostridiales;Clostridiaceae_1;,Eukaryota:plas;Archaeplastida:plas;Chlorophyta:plas;Chlorophyta_X:plas;Chlorophyceae:plas;Chlamydomonadales:plas;Chlamydomonadales_X:plas;Haematococcus:plas,Bacteria;Terrabacteria;Actinobacteria;Actinobacteria_X;;;;,Bacteria;PANNAM;Proteobacteria;Proteobacteria_X;Alphaproteobacteria;Paracaedibacterales;Paracaedibacteraceae;,Bacteria;PANNAM;Proteobacteria;Proteobacteria_X;Gammaproteobacteria;Gammaproteobacteria_Incertae_Sedis;Gammaproteobacteria_Incertae_Sedis_X;Gammaproteobacteria_Incertae_Sedis_XX,Bacteria;Terrabacteria;Actinobacteria;Actinobacteria_X;Actinobacteria_XX;Micrococcales;Micrococcaceae;Micrococcus,Bacteria;Terrabacteria;Actinobacteria;Actinobacteria_X;Acidimicrobiia;Microtrichales;;,Bacteria;PVC;Verrucomicrobia;Verrucomicrobia_X;Verrucomicrobiae;Chthoniobacterales;Terrimicrobiaceae;FukuN18_freshwater_group,Bacteria;Terrabacteria;Actinobacteria;Actinobacteria_X;Thermoleophilia;;;,Bacteria;Terrabacteria;Firmicutes;Firmicutes_X;Clostridia;Clostridiales;Peptostreptococcaceae;Clostridioides,Bacteria;PANNAM;Proteobacteria;Proteobacteria_X;Gammaproteobacteria;Coxiellales;Coxiellaceae;Coxiella,Bacteria;FCB;Bacteroidetes;Bacteroidetes_X;Bacteroidia;Cytophagales;Spirosomaceae;Emticicia,Bacteria;CCD;Patescibacteria;Patescibacteria_X;Saccharimonadia;Saccharimonadales;Saccharimonadales_X;Saccharimonadales_XX,Eukaryota:plas;Archaeplastida:plas;Chlorophyta:plas;Chlorophyta_X:plas;Chlorophyceae:plas;Sphaeropleales:plas;Sphaeropleales_X:plas;Bracteacoccus:plas,Bacteria;PANNAM;Proteobacteria;Proteobacteria_X;Gammaproteobacteria;Betaproteobacteriales;SCI84;SCI84_X,Bacteria;PANNAM;Acidobacteria;Acidobacteria_X;Subgroup_6;Unknown_Order;Unknown_Order_X;Luteitalea,Bacteria;FCB;Bacteroidetes;Bacteroidetes_X;Bacteroidia;Flavobacteriales;NS7_marine_group;NS7_marine_group_X,Eukaryota:plas;TSAR:plas;Stramenopiles:plas;Gyrista:plas;;;;,Bacteria;PANNAM;Proteobacteria;Proteobacteria_X;Gammaproteobacteria;Betaproteobacteriales;Chromobacteriaceae;Chromobacterium,Eukaryota:plas;Archaeplastida:plas;Chlorophyta:plas;Chlorophyta_X:plas;Chlorophyceae:plas;Sphaeropleales:plas;Sphaeropleales_X:plas;,Bacteria;DST;Deinococcus_Thermus;Deinococcus_Thermus_X;Deinococci;Deinococcales;Deinococcaceae;Deinococcus,Bacteria;CMS;Cyanobacteria;Cyanobacteria_X;Cyanophyceae;Nostocales;Nostocaceae;Anabaena_PCC7108,Bacteria;PANNAM;Proteobacteria;Proteobacteria_X;Deltaproteobacteria;Myxococcales;Phaselicystidaceae;Phaselicystis,Eukaryota:plas;TSAR:plas;Stramenopiles:plas;Gyrista:plas;Phaeophyceae:plas;Phaeophyceae_X:plas;Phaeophyceae_XX:plas;Phaeophyceae_XXX:plas,Eukaryota:plas;Archaeplastida:plas;Glaucophyta:plas;Glaucophyta_X:plas;Glaucocystophyceae:plas;Glaucocystophytes:plas;Cyanophoraceae:plas;Cyanophora:plas,Eukaryota:plas;Cryptista:plas;Cryptophyta:plas;Cryptophyta_X:plas;Cryptophyceae:plas;Pyrenomonadales:plas;Pyrenomonadaceae:plas;Rhodomonas:plas,Bacteria;PANNAM;Proteobacteria;Proteobacteria_X;Alphaproteobacteria;Reyranellales;Reyranellaceae;Reyranella,Bacteria;FCB;Bacteroidetes;Bacteroidetes_X;Bacteroidia;Sphingobacteriales;KD393;KD393_X,Eukaryota:plas;Excavata:plas;Discoba:plas;Euglenozoa:plas;Euglenida:plas;Euglenophyceae:plas;Euglenaceae:plas;Strombomonas:plas,Bacteria;PANNAM;Proteobacteria;Proteobacteria_X;Alphaproteobacteria;Micavibrionales;Micavibrionaceae;Micavibrionaceae_X,Eukaryota:plas;Archaeplastida:plas;Chlorophyta:plas;Chlorophyta_X:plas;Chlorophyceae:plas;Sphaeropleales:plas;Sphaeropleales_X:plas;Pectinodesmus:plas,Eukaryota:plas;Archaeplastida:plas;Chlorophyta:plas;Chlorophyta_X:plas;Trebouxiophyceae:plas;Chlorellales:plas;Chlorellales_X:plas;Parachlorella:plas,Eukaryota:plas;Archaeplastida:plas;Chlorophyta:plas;Chlorophyta_X:plas;Chlorophyceae:plas;Chlamydomonadales:plas;Chlamydomonadales_X:plas;Pleodorina:plas,Bacteria;PANNAM;Proteobacteria;Proteobacteria_X;Alphaproteobacteria;Acetobacterales;Acetobacteraceae;,Bacteria;PANNAM;Proteobacteria;Proteobacteria_X;Deltaproteobacteria;MBNT15;MBNT15_X;MBNT15_XX,Eukaryota:plas;Archaeplastida:plas;Chlorophyta:plas;Chlorophyta_X:plas;Trebouxiophyceae:plas;Chlorellales:plas;Chlorellales_X:plas;Picochlorum:plas,Bacteria;Terrabacteria;Actinobacteria;Actinobacteria_X;Actinobacteria_XX;Micrococcales;Microbacteriaceae;Agromyces,Bacteria;CCD;Chloroflexi;Chloroflexi_X;Anaerolineae;Anaerolineales;Anaerolineaceae;Anaerolineaceae_X,Bacteria;PANNAM;Proteobacteria;Proteobacteria_X;Alphaproteobacteria;Acetobacterales;Acetobacteraceae;Acetobacteraceae_X,Eukaryota:plas;Archaeplastida:plas;Chlorophyta:plas;Chlorophyta_X:plas;Trebouxiophyceae:plas;Trebouxiophyceae_X:plas;Trebouxiophyceae_XX:plas;Botryococcus:plas,Bacteria;PANNAM;Proteobacteria;Proteobacteria_X;Gammaproteobacteria;Betaproteobacteriales;Nitrosomonadaceae;MND1,Bacteria;CCD;Chloroflexi;Chloroflexi_X;Dehalococcoidia;;;,Bacteria;FCB;Bacteroidetes;Bacteroidetes_X;Bacteroidia;Chitinophagales;Saprospiraceae;,Eukaryota:plas;Cryptista:plas;Cryptophyta:plas;Cryptophyta_X:plas;Cryptophyceae:plas;Cryptomonadales:plas;;,Bacteria;PVC;;;;;;,Bacteria;FCB;Bacteroidetes;Bacteroidetes_X;Bacteroidia;Cytophagales;Spirosomaceae;Spirosoma,Bacteria;FCB;Bacteroidetes;Bacteroidetes_X;Bacteroidia;Cytophagales;Spirosomaceae;,Bacteria;FCB;Bacteroidetes;Bacteroidetes_X;Bacteroidia;Cytophagales;Cyclobacteriaceae;,Bacteria;PVC;Planctomycetes;Planctomycetes_X;Planctomycetacia;Isosphaerales;Isosphaeraceae;Singulisphaera,Bacteria;Gracilicutes;Spirochaetes;Spirochaetes_X;Leptospirae;Leptospirales;Leptospiraceae;RBG164921,Bacteria;PANNAM;Proteobacteria;Proteobacteria_X;Deltaproteobacteria;Bradymonadales;Bradymonadales_X;Bradymonadales_XX,Bacteria;FCB;Bacteroidetes;Bacteroidetes_X;Ignavibacteria;Kryptoniales;BSV26;BSV26_X,Bacteria;Terrabacteria;Firmicutes;Firmicutes_X;Bacilli;Bacillales;Staphylococcaceae;Staphylococcus,Bacteria;PANNAM;Proteobacteria;Proteobacteria_X;Alphaproteobacteria;Rhodospirillales;Magnetospirillaceae;Magnetospirillum,Bacteria;FCB;Bacteroidetes;Bacteroidetes_X;Bacteroidia;Chitinophagales;Chitinophagaceae;Taibaiella,Bacteria;PANNAM;Proteobacteria;Proteobacteria_X;Alphaproteobacteria;Rhodobacterales;Rhodobacteraceae;Citreicella,Bacteria;PVC;Planctomycetes;Planctomycetes_X;Phycisphaerae;Phycisphaerales;Phycisphaeraceae;Algisphaera,Bacteria;Terrabacteria;Actinobacteria;Actinobacteria_X;Thermoleophilia;Gaiellales;;,Bacteria;PANNAM;Proteobacteria;Proteobacteria_X;Gammaproteobacteria;Betaproteobacteriales;Rhodocyclaceae;Rhodocyclaceae_X,Eukaryota:plas;TSAR:plas;Stramenopiles:plas;Gyrista:plas;Mediophyceae:plas;;;,Bacteria;PANNAM;Proteobacteria;Proteobacteria_X;Gammaproteobacteria;Betaproteobacteriales;Rhodocyclaceae;Azoarcus,Bacteria;Terrabacteria;Firmicutes;Firmicutes_X;Bacilli;Lactobacillales;Streptococcaceae;Streptococcus,Bacteria;Terrabacteria;Firmicutes;Firmicutes_X;Clostridia;Clostridiales;Ruminococcaceae;Ruminococcaceae_NK4A214_group,Eukaryota;TSAR;Alveolata;Ciliophora;Litostomatea;Litostomatea_X;Litostomatea_XX;Teuthophrys,Bacteria;PANNAM;Proteobacteria;Proteobacteria_X;Gammaproteobacteria;Betaproteobacteriales;Methylophilaceae;Methylobacillus,Eukaryota:plas;Archaeplastida:plas;Chlorophyta:plas;Chlorophyta_X:plas;Chlorophyceae:plas;Sphaeropleales:plas;Sphaeropleales_X:plas;Hariotina:plas,Bacteria;Terrabacteria;Tenericutes;Tenericutes_X;Mollicutes;Mollicutes_RF39;Mollicutes_RF39_X;Mollicutes_RF39_XX,Bacteria;PANNAM;Proteobacteria;Proteobacteria_X;Alphaproteobacteria;Rhodobacterales;Rhodobacteraceae;,Bacteria;PANNAM;Proteobacteria;Proteobacteria_X;Alphaproteobacteria;Rhizobiales;Xanthobacteraceae;,Bacteria;FCB;Bacteroidetes;Bacteroidetes_X;Bacteroidia;Chitinophagales;Chitinophagaceae;Lacibacter,Bacteria;FCB;Bacteroidetes;Bacteroidetes_X;Bacteroidia;Cytophagales;Cyclobacteriaceae;Cyclobacteriaceae_X,Bacteria;PANNAM;Proteobacteria;Proteobacteria_X;Deltaproteobacteria;Myxococcales;Eel36e1D6;Eel36e1D6_X,Bacteria;PANNAM;Proteobacteria;Proteobacteria_X;Gammaproteobacteria;Methylococcales;Methylomonaceae;,Bacteria;Terrabacteria;Firmicutes;Firmicutes_X;Bacilli;Bacillales;Paenibacillaceae;Cohnella,Bacteria;PANNAM;Proteobacteria;Proteobacteria_X;Deltaproteobacteria;Syntrophobacterales;Syntrophaceae;Syntrophaceae_X,Bacteria;Terrabacteria;Actinobacteria;Actinobacteria_X;Acidimicrobiia;Microtrichales;Microtrichaceae;Sva0996_marine_group,Eukaryota:plas;Excavata:plas;Discoba:plas;Euglenozoa:plas;Euglenida:plas;Euglenophyceae:plas;Euglenaceae:plas;,Bacteria;PANNAM;Proteobacteria;Proteobacteria_X;Gammaproteobacteria;Salinisphaerales;Solimonadaceae;Solimonas,Eukaryota:plas;Archaeplastida:plas;Chlorophyta:plas;Chlorophyta_X:plas;Trebouxiophyceae:plas;Watanabea-Clade:plas;Watanabea-Clade_X:plas;Chloroidium:plas,Bacteria;PANNAM;Proteobacteria;Proteobacteria_X;Alphaproteobacteria;SAR11_clade;Clade_III;Clade_III_X,Bacteria;PANNAM;Proteobacteria;Proteobacteria_X;Alphaproteobacteria;Rhizobiales;Devosiaceae;Devosia,Bacteria;PANNAM;Proteobacteria;Proteobacteria_X;Gammaproteobacteria;Betaproteobacteriales;Methylophilaceae;Candidatus_Methylopumilus,Bacteria;PANNAM;Proteobacteria;Proteobacteria_X;Alphaproteobacteria;Caulobacterales;Hyphomonadaceae;,Eukaryota:plas;TSAR:plas;Stramenopiles:plas;Gyrista:plas;Bacillariophyceae:plas;Bacillariophyceae_X:plas;Bacillariophyceae_XX:plas;Bacillariophyceae_XXX:plas,Eukaryota:plas;Excavata:plas;Discoba:plas;Euglenozoa:plas;Euglenida:plas;Euglenophyceae:plas;Phacaceae:plas;Lepocinclis:plas,Bacteria;Terrabacteria;Firmicutes;Firmicutes_X;Clostridia;Clostridiales;Ruminococcaceae;Caproiciproducens,location,site
Baao_Agri_563,352.0,326.0,23.0,265.0,1662.0,0.0,46.0,277.0,0.0,17.0,24.0,0.0,19.0,111.0,151.0,17.0,83.0,470.0,78.0,26.0,615.0,183.0,0.0,0.0,43.0,18.0,73.0,78.0,390.0,8556.0,2254.0,1095.0,1037.0,158.0,199.0,105.0,44.0,501.0,39.0,0.0,201.0,797.0,0.0,8.0,772.0,0.0,527.0,73.0,309.0,465.0,1157.0,84.0,31.0,0.0,99.0,0.0,0.0,142.0,23.0,17.0,0.0,26.0,0.0,331.0,0.0,16.0,72.0,0.0,345.0,67.0,982.0,0.0,487.0,0.0,17.0,213.0,507.0,25.0,372.0,5.0,0.0,126.0,11.0,0.0,313.0,7.0,224.0,0.0,0.0,146.0,0.0,0.0,22.0,12.0,0.0,18.0,120.0,88.0,0.0,21.0,0.0,4804.0,978.0,17.0,0.0,75.0,0.0,51.0,38.0,205.0,392.0,60.0,141.0,93.0,45.0,0.0,211.0,83.0,0.0,0.0,48.0,0.0,152.0,60.0,0.0,29.0,14.0,10.0,0.0,639.0,73.0,1237.0,0.0,811.0,21.0,21.0,71.0,39.0,0.0,65.0,0.0,12.0,32.0,422.0,0.0,0.0,331.0,144.0,26.0,943.0,119.0,0.0,433.0,0.0,0.0,281.0,0.0,0.0,18.0,0.0,618.0,19.0,29.0,0.0,0.0,0.0,0.0,0.0,1016.0,485.0,0.0,38.0,0.0,124.0,310.0,0.0,0.0,0.0,98.0,0.0,0.0,0.0,0.0,0.0,47.0,0.0,0.0,0.0,0.0,0.0,0.0,8.0,0.0,13.0,191.0,81.0,1277.0,0.0,0.0,5.0,0.0,0.0,0.0,3.0,0.0,118.0,0.0,0.0,413.0,5.0,0.0,6.0,0.0,0.0,0.0,0.0,0.0,8.0,0.0,0.0,0.0,1.0,0.0,0.0,0.0,41.0,2.0,0.0,0.0,4.0,0.0,0.0,72.0,887.0,6.0,0.0,0.0,0.0,328.0,6.0,0.0,0.0,0.0,14.0,37.0,7.0,0.0,0.0,120.0,120.0,0.0,78.0,0.0,0.0,0.0,0.0,48.0,21.0,0.0,0.0,0.0,0.0,0.0,0.0,0.0,0.0,0.0,7.0,0.0,7.0,0.0,13.0,0.0,0.0,0.0,0.0,207.0,41.0,0.0,39.0,0.0,0.0,0.0,0.0,0.0,0.0,10.0,0.0,0.0,121.0,4.0,0.0,0.0,0.0,0.0,0.0,192.0,0.0,2.0,0.0,0.0,0.0,0.0,0.0,0.0,0.0,58.0,0.0,0.0,268.0,0.0,43.0,24.0,0.0,423.0,5.0,0.0,0.0,35.0,0.0,0.0,0.0,0.0,0.0,0.0,0.0,17.0,30.0,0.0,9.0,0.0,86.0,4.0,17.0,0.0,0.0,0.0,6.0,0.0,22.0,0.0,0.0,0.0,14.0,0.0,4.0,0.0,0.0,27.0,0.0,0.0,0.0,0.0,0.0,0.0,10.0,0.0,3.0,0.0,0.0,0.0,0.0,0.0,3.0,0.0,0.0,8.0,0.0,8.0,0.0,0.0,0.0,0.0,0.0,0.0,0.0,0.0,9.0,2.0,0.0,0.0,0.0,3.0,0.0,1208.0,0.0,4.0,0.0,50.0,0.0,0.0,0.0,11.0,0.0,0.0,0.0,0.0,0.0,0.0,0.0,0.0,71.0,0.0,0.0,0.0,0.0,Baao,Agri
Baao_Center_563,261.0,302.0,56.0,248.0,666.0,0.0,42.0,110.0,20.0,0.0,19.0,0.0,33.0,34.0,62.0,0.0,58.0,193.0,104.0,68.0,41.0,113.0,0.0,0.0,0.0,0.0,43.0,58.0,776.0,10483.0,1937.0,1360.0,2014.0,178.0,129.0,118.0,32.0,17.0,7.0,0.0,187.0,319.0,0.0,32.0,654.0,0.0,105.0,68.0,196.0,375.0,1563.0,135.0,239.0,0.0,90.0,0.0,0.0,161.0,13.0,0.0,0.0,21.0,0.0,189.0,0.0,19.0,12.0,0.0,158.0,36.0,406.0,0.0,378.0,0.0,0.0,100.0,327.0,31.0,247.0,0.0,0.0,52.0,0.0,0.0,403.0,0.0,261.0,0.0,0.0,115.0,0.0,10.0,46.0,20.0,0.0,4.0,23.0,30.0,3.0,0.0,0.0,5590.0,889.0,11.0,0.0,217.0,0.0,22.0,34.0,242.0,155.0,17.0,194.0,120.0,16.0,0.0,92.0,63.0,0.0,2.0,14.0,0.0,173.0,59.0,0.0,10.0,45.0,10.0,0.0,366.0,60.0,1164.0,0.0,638.0,0.0,0.0,56.0,45.0,7.0,67.0,0.0,0.0,52.0,342.0,0.0,0.0,255.0,194.0,4.0,566.0,41.0,0.0,286.0,0.0,22.0,153.0,0.0,13.0,22.0,0.0,182.0,0.0,12.0,0.0,0.0,0.0,0.0,0.0,172.0,369.0,0.0,20.0,0.0,175.0,194.0,0.0,0.0,0.0,138.0,0.0,7.0,6.0,0.0,0.0,44.0,14.0,0.0,0.0,0.0,0.0,0.0,0.0,0.0,0.0,242.0,0.0,660.0,0.0,0.0,0.0,0.0,10.0,0.0,0.0,0.0,63.0,6.0,0.0,0.0,0.0,0.0,0.0,0.0,0.0,0.0,0.0,0.0,8.0,0.0,0.0,0.0,0.0,0.0,0.0,0.0,10.0,0.0,0.0,0.0,0.0,13.0,0.0,96.0,619.0,0.0,0.0,0.0,0.0,115.0,0.0,0.0,0.0,17.0,9.0,16.0,0.0,0.0,0.0,146.0,100.0,0.0,187.0,0.0,0.0,0.0,0.0,37.0,0.0,0.0,0.0,0.0,0.0,0.0,0.0,0.0,0.0,0.0,3.0,0.0,0.0,0.0,3.0,0.0,0.0,0.0,0.0,225.0,22.0,0.0,0.0,17.0,0.0,0.0,13.0,0.0,0.0,4.0,0.0,0.0,168.0,0.0,0.0,0.0,0.0,0.0,0.0,173.0,0.0,0.0,0.0,0.0,0.0,0.0,0.0,0.0,0.0,50.0,0.0,0.0,227.0,0.0,25.0,25.0,0.0,317.0,0.0,0.0,6.0,34.0,0.0,0.0,0.0,0.0,0.0,5.0,0.0,23.0,12.0,0.0,0.0,0.0,13.0,0.0,0.0,0.0,0.0,0.0,0.0,0.0,13.0,0.0,0.0,0.0,13.0,0.0,0.0,0.0,0.0,10.0,0.0,0.0,0.0,0.0,0.0,5.0,29.0,0.0,0.0,0.0,0.0,10.0,0.0,0.0,0.0,0.0,0.0,0.0,0.0,6.0,0.0,0.0,0.0,0.0,0.0,0.0,0.0,0.0,13.0,1.0,0.0,0.0,0.0,0.0,0.0,885.0,0.0,0.0,0.0,51.0,0.0,0.0,0.0,5.0,0.0,0.0,0.0,0.0,0.0,0.0,0.0,0.0,153.0,0.0,0.0,0.0,0.0,Baao,Center
Baao_Tribu_563,288.0,182.0,20.0,342.0,1739.0,0.0,21.0,252.0,0.0,39.0,18.0,0.0,0.0,331.0,14.0,0.0,24.0,273.0,170.0,26.0,0.0,133.0,0.0,0.0,61.0,10.0,49.0,31.0,169.0,5732.0,2456.0,648.0,820.0,109.0,465.0,125.0,25.0,73.0,50.0,57.0,59.0,981.0,0.0,21.0,443.0,0.0,881.0,36.0,261.0,583.0,4424.0,0.0,156.0,7.0,166.0,0.0,0.0,30.0,0.0,50.0,0.0,30.0,0.0,298.0,19.0,30.0,239.0,2.0,159.0,76.0,877.0,0.0,251.0,2.0,5.0,325.0,776.0,44.0,465.0,0.0,0.0,16.0,0.0,0.0,510.0,2.0,195.0,0.0,0.0,43.0,0.0,8.0,0.0,78.0,0.0,33.0,20.0,90.0,0.0,17.0,0.0,5038.0,629.0,10.0,9.0,93.0,0.0,17.0,24.0,167.0,13.0,12.0,123.0,24.0,13.0,0.0,383.0,39.0,0.0,0.0,22.0,5.0,116.0,100.0,2.0,80.0,106.0,8.0,0.0,379.0,46.0,1384.0,4.0,534.0,0.0,82.0,37.0,131.0,6.0,99.0,4.0,20.0,5.0,218.0,0.0,130.0,278.0,77.0,0.0,912.0,158.0,0.0,113.0,0.0,0.0,176.0,0.0,0.0,6.0,6.0,325.0,25.0,34.0,2.0,0.0,15.0,0.0,9.0,862.0,375.0,0.0,50.0,0.0,25.0,348.0,0.0,0.0,0.0,47.0,3.0,0.0,8.0,0.0,0.0,0.0,0.0,0.0,0.0,14.0,0.0,0.0,15.0,0.0,5.0,100.0,67.0,1672.0,0.0,0.0,5.0,0.0,6.0,0.0,0.0,0.0,62.0,17.0,0.0,88.0,6.0,0.0,20.0,0.0,0.0,0.0,0.0,0.0,0.0,0.0,6.0,45.0,0.0,5.0,0.0,0.0,15.0,0.0,3.0,0.0,4.0,0.0,3.0,25.0,685.0,0.0,0.0,0.0,0.0,243.0,0.0,0.0,0.0,14.0,12.0,43.0,4.0,0.0,0.0,83.0,31.0,0.0,65.0,0.0,0.0,17.0,0.0,47.0,0.0,0.0,0.0,3.0,0.0,0.0,3.0,16.0,14.0,0.0,9.0,0.0,2.0,0.0,7.0,0.0,0.0,0.0,0.0,148.0,5.0,15.0,0.0,0.0,16.0,0.0,0.0,16.0,0.0,17.0,0.0,0.0,74.0,0.0,0.0,0.0,0.0,0.0,0.0,58.0,0.0,6.0,0.0,0.0,0.0,0.0,0.0,0.0,0.0,200.0,0.0,0.0,832.0,3.0,36.0,43.0,0.0,384.0,0.0,0.0,7.0,0.0,0.0,6.0,0.0,5.0,0.0,3.0,0.0,0.0,9.0,0.0,12.0,0.0,87.0,19.0,0.0,0.0,0.0,0.0,0.0,0.0,26.0,0.0,0.0,0.0,11.0,7.0,5.0,8.0,0.0,25.0,0.0,0.0,0.0,0.0,0.0,0.0,0.0,35.0,0.0,0.0,0.0,0.0,0.0,0.0,10.0,0.0,0.0,11.0,0.0,0.0,0.0,0.0,0.0,0.0,4.0,0.0,0.0,0.0,0.0,6.0,0.0,0.0,0.0,0.0,0.0,1270.0,0.0,0.0,0.0,58.0,0.0,0.0,0.0,15.0,0.0,0.0,0.0,6.0,2.0,3.0,0.0,1.0,105.0,0.0,0.0,0.0,0.0,Baao,Tribu
Bato_Center_563,773.0,309.0,7.0,155.0,1622.0,7.0,20.0,981.0,18.0,1322.0,695.0,18.0,20.0,33.0,95.0,3.0,26.0,0.0,297.0,0.0,0.0,66.0,0.0,30.0,0.0,5.0,19.0,231.0,1243.0,8135.0,1814.0,501.0,174.0,465.0,33.0,390.0,121.0,1114.0,0.0,34.0,708.0,618.0,0.0,141.0,113.0,0.0,29.0,0.0,177.0,41.0,49.0,44.0,0.0,24.0,180.0,0.0,0.0,146.0,14.0,0.0,9.0,8.0,0.0,390.0,303.0,379.0,28.0,93.0,453.0,11.0,177.0,48.0,11.0,0.0,2.0,0.0,233.0,205.0,264.0,0.0,1.0,383.0,0.0,47.0,693.0,0.0,391.0,9.0,10.0,0.0,0.0,24.0,0.0,1022.0,38.0,77.0,135.0,22.0,5.0,0.0,0.0,9018.0,299.0,13.0,0.0,1155.0,8.0,21.0,152.0,350.0,0.0,56.0,464.0,31.0,36.0,0.0,130.0,199.0,2781.0,116.0,49.0,2.0,59.0,138.0,4.0,189.0,7.0,39.0,0.0,0.0,22.0,427.0,43.0,573.0,0.0,260.0,37.0,0.0,16.0,141.0,0.0,0.0,16.0,195.0,0.0,0.0,97.0,604.0,56.0,161.0,0.0,10.0,168.0,10.0,73.0,173.0,7.0,0.0,0.0,0.0,0.0,0.0,0.0,0.0,9.0,0.0,0.0,147.0,59.0,166.0,0.0,0.0,9.0,0.0,816.0,4.0,332.0,0.0,0.0,0.0,0.0,13.0,1639.0,11.0,85.0,0.0,0.0,0.0,0.0,14.0,0.0,0.0,0.0,59.0,84.0,0.0,103.0,589.0,3.0,392.0,116.0,0.0,337.0,0.0,3.0,20.0,37.0,82.0,0.0,71.0,4.0,0.0,9.0,0.0,8.0,0.0,0.0,0.0,0.0,0.0,12.0,0.0,4.0,78.0,0.0,21.0,0.0,0.0,10.0,430.0,0.0,0.0,0.0,20.0,6.0,0.0,24.0,0.0,7.0,11.0,0.0,0.0,0.0,0.0,0.0,0.0,13.0,673.0,0.0,96.0,83.0,271.0,0.0,0.0,0.0,0.0,113.0,268.0,31.0,0.0,0.0,3.0,4.0,4.0,3.0,17.0,0.0,6.0,0.0,0.0,0.0,19.0,0.0,9.0,0.0,0.0,0.0,33.0,0.0,0.0,0.0,0.0,0.0,62.0,49.0,0.0,0.0,0.0,0.0,0.0,0.0,266.0,30.0,12.0,35.0,63.0,9.0,0.0,0.0,15.0,0.0,29.0,0.0,0.0,27.0,0.0,0.0,0.0,0.0,0.0,0.0,0.0,0.0,12.0,188.0,0.0,0.0,0.0,47.0,0.0,0.0,0.0,0.0,0.0,0.0,0.0,0.0,0.0,37.0,326.0,0.0,0.0,19.0,3.0,0.0,15.0,82.0,3.0,0.0,0.0,0.0,0.0,0.0,2.0,0.0,9.0,0.0,0.0,7.0,3.0,0.0,21.0,52.0,0.0,0.0,0.0,0.0,0.0,0.0,0.0,0.0,5.0,9.0,22.0,0.0,0.0,0.0,0.0,0.0,3.0,16.0,0.0,0.0,0.0,0.0,0.0,169.0,33.0,0.0,22.0,0.0,0.0,0.0,0.0,1218.0,0.0,0.0,0.0,53.0,10.0,0.0,0.0,0.0,0.0,0.0,0.0,0.0,0.0,0.0,2.0,0.0,309.0,0.0,0.0,0.0,0.0,Bato,Center
Bato_Resid_563,180.0,100.0,0.0,51.0,859.0,0.0,14.0,116.0,41.0,0.0,1619.0,57.0,57.0,40.0,16.0,0.0,7.0,20.0,147.0,12.0,0.0,178.0,0.0,15.0,7.0,0.0,32.0,7.0,2468.0,14304.0,1298.0,234.0,379.0,498.0,107.0,172.0,89.0,340.0,0.0,93.0,172.0,149.0,3.0,15.0,432.0,0.0,32.0,0.0,175.0,76.0,525.0,260.0,17.0,0.0,86.0,0.0,0.0,90.0,8.0,0.0,40.0,17.0,0.0,121.0,283.0,212.0,24.0,53.0,564.0,27.0,298.0,7.0,122.0,2.0,0.0,0.0,351.0,50.0,29.0,0.0,23.0,45.0,9.0,14.0,96.0,0.0,210.0,0.0,2.0,28.0,0.0,3.0,9.0,59.0,0.0,0.0,44.0,51.0,6.0,0.0,0.0,4454.0,189.0,6.0,17.0,166.0,0.0,17.0,148.0,171.0,0.0,27.0,532.0,133.0,21.0,0.0,19.0,20.0,57.0,22.0,31.0,0.0,156.0,22.0,0.0,13.0,0.0,2.0,0.0,188.0,0.0,308.0,20.0,667.0,0.0,0.0,113.0,6.0,0.0,142.0,0.0,0.0,68.0,43.0,0.0,0.0,127.0,47.0,14.0,244.0,0.0,0.0,120.0,5.0,397.0,61.0,0.0,0.0,0.0,0.0,40.0,31.0,7.0,0.0,0.0,0.0,0.0,14.0,0.0,285.0,0.0,0.0,13.0,0.0,803.0,0.0,0.0,0.0,59.0,0.0,0.0,28.0,0.0,5.0,66.0,0.0,0.0,2.0,0.0,0.0,0.0,0.0,0.0,9.0,235.0,13.0,252.0,107.0,7.0,58.0,208.0,0.0,10.0,0.0,0.0,29.0,0.0,4.0,0.0,18.0,0.0,0.0,0.0,0.0,0.0,0.0,0.0,9.0,0.0,0.0,12.0,0.0,0.0,0.0,0.0,12.0,0.0,0.0,0.0,42.0,31.0,0.0,61.0,163.0,47.0,0.0,0.0,0.0,0.0,0.0,0.0,0.0,0.0,0.0,0.0,0.0,4.0,302.0,37.0,84.0,0.0,262.0,0.0,0.0,4.0,0.0,25.0,17.0,9.0,0.0,4.0,4.0,1.0,0.0,0.0,35.0,0.0,0.0,0.0,0.0,0.0,0.0,0.0,0.0,0.0,0.0,0.0,9.0,0.0,0.0,17.0,0.0,0.0,14.0,0.0,0.0,5.0,0.0,0.0,0.0,0.0,123.0,25.0,0.0,0.0,0.0,171.0,0.0,9.0,0.0,8.0,0.0,0.0,0.0,2.0,0.0,0.0,0.0,0.0,66.0,0.0,11.0,0.0,0.0,63.0,0.0,0.0,8.0,79.0,0.0,0.0,0.0,0.0,0.0,0.0,0.0,22.0,0.0,28.0,16.0,0.0,6.0,4.0,0.0,10.0,0.0,8.0,0.0,0.0,28.0,0.0,0.0,0.0,0.0,0.0,0.0,0.0,0.0,101.0,0.0,0.0,0.0,0.0,0.0,0.0,0.0,0.0,0.0,0.0,0.0,3.0,0.0,7.0,0.0,0.0,0.0,0.0,0.0,0.0,0.0,0.0,3.0,0.0,0.0,0.0,0.0,6.0,29.0,0.0,0.0,0.0,0.0,0.0,14.0,321.0,0.0,0.0,0.0,0.0,0.0,0.0,0.0,0.0,0.0,0.0,0.0,0.0,0.0,0.0,0.0,0.0,23.0,0.0,0.0,13.0,3.0,Bato,Resid
Bato_Tilap_563,984.0,467.0,17.0,123.0,817.0,0.0,10.0,1176.0,54.0,3437.0,491.0,6.0,22.0,42.0,71.0,0.0,26.0,0.0,131.0,12.0,0.0,15.0,12.0,0.0,0.0,7.0,37.0,123.0,678.0,8246.0,2032.0,625.0,176.0,287.0,17.0,232.0,102.0,679.0,9.0,68.0,374.0,485.0,0.0,204.0,75.0,0.0,185.0,0.0,400.0,38.0,136.0,53.0,0.0,20.0,156.0,0.0,0.0,177.0,0.0,0.0,7.0,10.0,3.0,335.0,201.0,371.0,81.0,49.0,186.0,61.0,251.0,65.0,127.0,0.0,0.0,19.0,270.0,249.0,184.0,6.0,0.0,449.0,8.0,27.0,590.0,0.0,324.0,11.0,4.0,0.0,4.0,36.0,0.0,2953.0,67.0,40.0,86.0,0.0,21.0,0.0,0.0,5332.0,256.0,29.0,13.0,688.0,13.0,26.0,243.0,400.0,2.0,45.0,296.0,32.0,15.0,72.0,191.0,184.0,3007.0,133.0,25.0,0.0,81.0,79.0,4.0,127.0,12.0,51.0,3.0,21.0,32.0,212.0,21.0,453.0,0.0,223.0,23.0,0.0,10.0,169.0,23.0,3.0,0.0,126.0,0.0,0.0,69.0,698.0,58.0,132.0,0.0,16.0,106.0,4.0,27.0,155.0,11.0,0.0,0.0,0.0,0.0,8.0,8.0,0.0,27.0,0.0,0.0,231.0,53.0,134.0,0.0,0.0,7.0,22.0,875.0,0.0,328.0,0.0,0.0,0.0,2.0,7.0,1996.0,4.0,42.0,0.0,0.0,0.0,0.0,7.0,6.0,0.0,5.0,113.0,104.0,4.0,229.0,894.0,10.0,357.0,79.0,0.0,267.0,0.0,3.0,55.0,0.0,43.0,12.0,115.0,0.0,0.0,18.0,0.0,0.0,7.0,0.0,0.0,16.0,0.0,4.0,0.0,0.0,73.0,0.0,52.0,0.0,0.0,26.0,383.0,0.0,6.0,24.0,44.0,24.0,0.0,30.0,0.0,0.0,0.0,0.0,2.0,38.0,0.0,0.0,0.0,7.0,1221.0,0.0,146.0,88.0,336.0,0.0,3.0,15.0,13.0,84.0,292.0,17.0,0.0,0.0,0.0,0.0,11.0,8.0,13.0,0.0,47.0,0.0,0.0,0.0,19.0,0.0,25.0,0.0,0.0,0.0,37.0,8.0,0.0,0.0,0.0,5.0,17.0,118.0,0.0,0.0,0.0,0.0,0.0,0.0,118.0,33.0,19.0,19.0,123.0,42.0,0.0,0.0,0.0,0.0,3.0,0.0,0.0,26.0,0.0,0.0,7.0,0.0,0.0,0.0,0.0,0.0,16.0,135.0,0.0,6.0,0.0,24.0,0.0,8.0,0.0,0.0,8.0,0.0,15.0,12.0,0.0,49.0,877.0,0.0,4.0,13.0,8.0,0.0,4.0,53.0,12.0,0.0,0.0,3.0,0.0,0.0,14.0,0.0,17.0,0.0,5.0,31.0,0.0,0.0,34.0,0.0,5.0,0.0,0.0,0.0,3.0,0.0,0.0,0.0,0.0,21.0,19.0,0.0,0.0,0.0,0.0,0.0,0.0,32.0,0.0,0.0,0.0,0.0,0.0,152.0,46.0,0.0,40.0,0.0,13.0,0.0,0.0,754.0,0.0,0.0,0.0,38.0,11.0,4.0,0.0,0.0,5.0,5.0,0.0,0.0,0.0,0.0,0.0,0.0,204.0,0.0,0.0,0.0,0.0,Bato,Tilap
Bato_Tribu_563,959.0,187.0,6.0,56.0,1263.0,0.0,11.0,794.0,51.0,23.0,458.0,15.0,53.0,25.0,49.0,0.0,12.0,3.0,184.0,0.0,0.0,26.0,14.0,37.0,0.0,0.0,17.0,85.0,794.0,3260.0,654.0,252.0,39.0,278.0,31.0,137.0,66.0,574.0,0.0,13.0,298.0,653.0,0.0,113.0,36.0,0.0,43.0,0.0,59.0,11.0,14.0,80.0,0.0,61.0,267.0,0.0,10.0,272.0,0.0,0.0,0.0,0.0,5.0,237.0,590.0,142.0,50.0,13.0,163.0,0.0,17.0,50.0,4.0,0.0,0.0,0.0,289.0,170.0,191.0,0.0,0.0,224.0,9.0,10.0,718.0,0.0,82.0,7.0,0.0,0.0,45.0,16.0,0.0,1175.0,25.0,6.0,69.0,33.0,3.0,0.0,0.0,4607.0,69.0,21.0,0.0,866.0,0.0,20.0,105.0,119.0,16.0,54.0,282.0,10.0,15.0,0.0,174.0,175.0,7333.0,158.0,60.0,0.0,46.0,84.0,4.0,312.0,12.0,38.0,2.0,18.0,18.0,187.0,13.0,216.0,0.0,271.0,15.0,64.0,4.0,65.0,3.0,0.0,0.0,125.0,4.0,0.0,34.0,616.0,53.0,20.0,0.0,8.0,99.0,0.0,10.0,192.0,13.0,0.0,0.0,0.0,0.0,0.0,0.0,0.0,11.0,0.0,0.0,130.0,69.0,34.0,0.0,0.0,0.0,14.0,390.0,0.0,370.0,0.0,0.0,0.0,0.0,7.0,1393.0,0.0,46.0,0.0,0.0,0.0,0.0,15.0,0.0,0.0,0.0,42.0,4.0,0.0,31.0,948.0,0.0,565.0,82.0,0.0,318.0,0.0,0.0,7.0,0.0,13.0,0.0,54.0,0.0,0.0,19.0,0.0,0.0,0.0,0.0,0.0,0.0,0.0,0.0,0.0,0.0,58.0,0.0,24.0,0.0,0.0,20.0,280.0,0.0,0.0,0.0,0.0,4.0,0.0,9.0,11.0,0.0,0.0,0.0,0.0,4.0,0.0,0.0,0.0,0.0,2060.0,0.0,9.0,69.0,216.0,0.0,0.0,0.0,0.0,78.0,318.0,0.0,0.0,0.0,0.0,0.0,7.0,8.0,24.0,0.0,0.0,0.0,0.0,0.0,18.0,13.0,0.0,3.0,0.0,0.0,24.0,0.0,0.0,0.0,0.0,0.0,25.0,18.0,0.0,0.0,0.0,0.0,0.0,0.0,99.0,35.0,26.0,29.0,166.0,0.0,0.0,0.0,0.0,0.0,4.0,0.0,8.0,139.0,3.0,0.0,0.0,4.0,0.0,0.0,0.0,0.0,0.0,59.0,0.0,5.0,0.0,29.0,0.0,0.0,0.0,0.0,0.0,0.0,0.0,17.0,0.0,17.0,408.0,0.0,0.0,74.0,4.0,0.0,13.0,58.0,16.0,0.0,0.0,0.0,0.0,0.0,5.0,0.0,11.0,0.0,0.0,8.0,0.0,0.0,7.0,0.0,0.0,0.0,0.0,0.0,0.0,0.0,0.0,0.0,0.0,13.0,0.0,0.0,0.0,0.0,31.0,0.0,0.0,62.0,0.0,0.0,0.0,3.0,0.0,99.0,34.0,0.0,0.0,0.0,0.0,0.0,0.0,427.0,0.0,0.0,0.0,0.0,32.0,0.0,0.0,0.0,0.0,0.0,0.0,0.0,0.0,0.0,0.0,0.0,173.0,0.0,0.0,0.0,0.0,Bato,Tribu
Buhi_Center_563,1397.0,575.0,0.0,223.0,340.0,0.0,0.0,460.0,0.0,37.0,1381.0,0.0,777.0,148.0,208.0,0.0,32.0,448.0,0.0,0.0,0.0,103.0,28.0,5.0,0.0,0.0,33.0,46.0,2359.0,6312.0,678.0,37.0,190.0,302.0,0.0,132.0,183.0,11.0,0.0,0.0,446.0,805.0,0.0,80.0,12.0,0.0,0.0,0.0,33.0,21.0,11.0,1413.0,0.0,38.0,0.0,8.0,34.0,71.0,33.0,0.0,0.0,872.0,0.0,416.0,3249.0,553.0,4.0,0.0,554.0,0.0,13.0,27.0,80.0,0.0,8.0,14.0,192.0,184.0,0.0,0.0,0.0,0.0,0.0,16.0,2560.0,0.0,189.0,0.0,0.0,0.0,0.0,12.0,0.0,0.0,0.0,10.0,37.0,0.0,0.0,0.0,85.0,6771.0,314.0,14.0,0.0,414.0,0.0,122.0,298.0,405.0,284.0,170.0,424.0,221.0,21.0,0.0,108.0,492.0,0.0,150.0,8.0,0.0,51.0,29.0,0.0,29.0,0.0,253.0,2.0,0.0,103.0,199.0,7.0,234.0,0.0,0.0,11.0,0.0,14.0,59.0,17.0,0.0,0.0,198.0,3.0,14.0,18.0,3687.0,112.0,0.0,0.0,0.0,64.0,37.0,206.0,169.0,21.0,0.0,0.0,0.0,0.0,0.0,3.0,0.0,0.0,0.0,0.0,696.0,36.0,50.0,0.0,0.0,0.0,0.0,843.0,0.0,0.0,0.0,9.0,0.0,0.0,81.0,0.0,0.0,33.0,0.0,9.0,0.0,0.0,12.0,0.0,0.0,0.0,39.0,204.0,0.0,3.0,967.0,3.0,402.0,0.0,29.0,10.0,0.0,0.0,16.0,0.0,2.0,6.0,23.0,0.0,0.0,136.0,14.0,0.0,0.0,3.0,0.0,0.0,0.0,4.0,2.0,0.0,0.0,0.0,0.0,0.0,0.0,30.0,966.0,0.0,17.0,0.0,0.0,0.0,0.0,0.0,0.0,24.0,0.0,7.0,0.0,0.0,19.0,0.0,59.0,0.0,58.0,118.0,0.0,0.0,777.0,391.0,0.0,0.0,0.0,1671.0,90.0,177.0,0.0,0.0,0.0,0.0,0.0,16.0,0.0,0.0,0.0,0.0,0.0,13.0,239.0,175.0,6.0,0.0,0.0,62.0,11.0,0.0,0.0,0.0,0.0,0.0,13.0,396.0,0.0,0.0,0.0,0.0,0.0,0.0,0.0,212.0,23.0,51.0,20.0,165.0,0.0,0.0,0.0,0.0,0.0,0.0,0.0,0.0,12.0,0.0,0.0,0.0,0.0,0.0,0.0,0.0,0.0,357.0,0.0,0.0,0.0,28.0,0.0,0.0,5.0,0.0,3.0,0.0,0.0,0.0,0.0,9.0,3.0,0.0,0.0,0.0,0.0,0.0,37.0,3.0,27.0,7.0,0.0,0.0,28.0,8.0,22.0,0.0,0.0,0.0,0.0,0.0,0.0,30.0,0.0,0.0,0.0,0.0,0.0,0.0,0.0,25.0,12.0,0.0,0.0,0.0,0.0,45.0,0.0,0.0,0.0,0.0,0.0,0.0,0.0,0.0,0.0,0.0,10.0,620.0,56.0,0.0,0.0,0.0,0.0,0.0,0.0,0.0,15.0,0.0,19.0,0.0,0.0,0.0,0.0,0.0,0.0,0.0,0.0,0.0,0.0,0.0,13.0,0.0,393.0,27.0,0.0,0.0,0.0,Buhi,Center
Buhi_Resid_563,1734.0,537.0,0.0,168.0,385.0,0.0,0.0,557.0,7.0,18.0,1489.0,10.0,977.0,119.0,235.0,9.0,18.0,376.0,35.0,0.0,0.0,103.0,24.0,12.0,0.0,0.0,43.0,44.0,3038.0,6138.0,1084.0,17.0,225.0,554.0,0.0,160.0,157.0,37.0,0.0,0.0,432.0,590.0,0.0,82.0,12.0,5.0,4.0,0.0,15.0,0.0,11.0,1190.0,0.0,41.0,4.0,11.0,10.0,133.0,53.0,0.0,0.0,745.0,0.0,357.0,3951.0,564.0,0.0,13.0,684.0,0.0,18.0,27.0,119.0,0.0,0.0,31.0,161.0,235.0,0.0,0.0,0.0,0.0,0.0,30.0,2464.0,5.0,306.0,0.0,0.0,8.0,35.0,34.0,0.0,0.0,0.0,31.0,48.0,0.0,0.0,0.0,85.0,8557.0,409.0,11.0,0.0,687.0,12.0,127.0,231.0,735.0,252.0,140.0,547.0,450.0,26.0,0.0,89.0,335.0,0.0,64.0,10.0,0.0,41.0,21.0,0.0,21.0,0.0,281.0,0.0,0.0,69.0,356.0,0.0,406.0,0.0,0.0,20.0,0.0,16.0,45.0,10.0,0.0,17.0,232.0,0.0,0.0,17.0,2701.0,108.0,0.0,0.0,0.0,127.0,27.0,68.0,197.0,45.0,0.0,0.0,0.0,0.0,0.0,0.0,0.0,0.0,0.0,4.0,435.0,40.0,105.0,6.0,0.0,0.0,0.0,674.0,0.0,0.0,7.0,9.0,0.0,0.0,62.0,0.0,0.0,42.0,0.0,0.0,0.0,0.0,22.0,0.0,0.0,0.0,25.0,302.0,0.0,4.0,823.0,3.0,306.0,0.0,34.0,16.0,0.0,0.0,26.0,0.0,0.0,0.0,0.0,0.0,0.0,101.0,6.0,7.0,4.0,3.0,0.0,0.0,0.0,0.0,0.0,0.0,0.0,0.0,0.0,0.0,0.0,32.0,764.0,0.0,19.0,0.0,0.0,0.0,3.0,0.0,0.0,33.0,0.0,0.0,0.0,0.0,17.0,0.0,63.0,0.0,28.0,164.0,0.0,0.0,545.0,729.0,0.0,0.0,0.0,1386.0,91.0,150.0,0.0,0.0,0.0,0.0,0.0,17.0,0.0,8.0,0.0,7.0,0.0,11.0,167.0,121.0,0.0,0.0,0.0,69.0,8.0,0.0,0.0,0.0,0.0,0.0,15.0,391.0,5.0,0.0,2.0,8.0,0.0,0.0,0.0,174.0,28.0,59.0,17.0,163.0,4.0,0.0,0.0,0.0,0.0,0.0,0.0,0.0,13.0,0.0,0.0,0.0,0.0,0.0,0.0,0.0,0.0,429.0,0.0,0.0,0.0,0.0,0.0,0.0,9.0,0.0,3.0,0.0,0.0,0.0,0.0,18.0,0.0,2.0,0.0,0.0,0.0,0.0,48.0,0.0,15.0,0.0,0.0,0.0,15.0,0.0,25.0,0.0,0.0,0.0,5.0,0.0,0.0,9.0,0.0,0.0,0.0,0.0,0.0,0.0,0.0,25.0,13.0,0.0,0.0,7.0,0.0,26.0,0.0,0.0,0.0,0.0,0.0,0.0,0.0,6.0,0.0,0.0,8.0,478.0,56.0,0.0,0.0,0.0,0.0,0.0,0.0,0.0,9.0,0.0,6.0,0.0,0.0,0.0,9.0,0.0,0.0,0.0,7.0,0.0,0.0,0.0,19.0,0.0,557.0,23.0,27.0,0.0,0.0,Buhi,Resid
Buhi_Tilap_563,1573.0,426.0,12.0,169.0,462.0,0.0,0.0,313.0,6.0,8.0,1627.0,7.0,902.0,164.0,202.0,0.0,31.0,397.0,0.0,0.0,0.0,182.0,31.0,0.0,0.0,4.0,27.0,35.0,1846.0,6571.0,1482.0,15.0,202.0,442.0,0.0,233.0,196.0,0.0,0.0,0.0,387.0,1287.0,0.0,125.0,19.0,0.0,39.0,0.0,29.0,39.0,0.0,1736.0,0.0,51.0,0.0,16.0,7.0,182.0,37.0,0.0,0.0,739.0,0.0,381.0,3343.0,504.0,18.0,0.0,622.0,0.0,30.0,19.0,24.0,0.0,0.0,72.0,248.0,356.0,0.0,0.0,0.0,0.0,3.0,7.0,3612.0,0.0,310.0,2.0,0.0,0.0,6.0,22.0,0.0,81.0,0.0,8.0,26.0,0.0,0.0,0.0,64.0,8254.0,454.0,47.0,0.0,543.0,4.0,105.0,271.0,763.0,157.0,205.0,74.0,298.0,40.0,6.0,100.0,566.0,0.0,100.0,10.0,0.0,28.0,44.0,0.0,33.0,0.0,203.0,0.0,0.0,99.0,420.0,9.0,418.0,0.0,0.0,19.0,4.0,12.0,59.0,9.0,0.0,19.0,148.0,0.0,0.0,16.0,2510.0,116.0,0.0,0.0,0.0,129.0,50.0,163.0,249.0,25.0,0.0,0.0,0.0,0.0,0.0,0.0,0.0,8.0,0.0,0.0,782.0,102.0,117.0,0.0,0.0,0.0,0.0,801.0,0.0,0.0,0.0,8.0,0.0,0.0,65.0,0.0,0.0,28.0,0.0,6.0,0.0,0.0,4.0,0.0,0.0,0.0,95.0,254.0,6.0,21.0,1083.0,0.0,446.0,0.0,31.0,17.0,0.0,0.0,45.0,0.0,3.0,0.0,0.0,0.0,0.0,24.0,4.0,0.0,0.0,0.0,0.0,0.0,0.0,0.0,0.0,0.0,0.0,14.0,5.0,0.0,0.0,46.0,582.0,0.0,14.0,0.0,0.0,0.0,0.0,0.0,0.0,63.0,0.0,0.0,0.0,3.0,15.0,0.0,63.0,0.0,26.0,186.0,0.0,0.0,794.0,446.0,0.0,0.0,0.0,1871.0,131.0,189.0,6.0,0.0,0.0,0.0,0.0,10.0,0.0,0.0,0.0,0.0,0.0,0.0,228.0,101.0,0.0,0.0,5.0,92.0,9.0,0.0,0.0,0.0,0.0,0.0,10.0,125.0,0.0,0.0,0.0,0.0,0.0,0.0,0.0,93.0,45.0,73.0,15.0,189.0,0.0,0.0,0.0,0.0,0.0,4.0,0.0,0.0,18.0,0.0,0.0,0.0,0.0,0.0,0.0,0.0,0.0,440.0,0.0,0.0,0.0,21.0,0.0,0.0,14.0,0.0,0.0,0.0,0.0,0.0,0.0,17.0,0.0,0.0,0.0,0.0,0.0,0.0,46.0,0.0,3.0,0.0,0.0,13.0,27.0,0.0,7.0,0.0,0.0,0.0,0.0,0.0,0.0,26.0,0.0,0.0,0.0,0.0,0.0,0.0,0.0,36.0,18.0,0.0,0.0,0.0,0.0,32.0,4.0,0.0,0.0,0.0,0.0,0.0,0.0,0.0,0.0,0.0,6.0,643.0,54.0,0.0,0.0,6.0,0.0,0.0,0.0,0.0,13.0,0.0,8.0,0.0,0.0,0.0,0.0,0.0,0.0,0.0,8.0,0.0,0.0,0.0,10.0,0.0,512.0,26.0,0.0,0.0,0.0,Buhi,Tipal
Buhi_Tribu_563,1439.0,378.0,0.0,169.0,250.0,0.0,0.0,418.0,0.0,33.0,1087.0,0.0,862.0,99.0,202.0,5.0,9.0,356.0,4.0,0.0,0.0,82.0,21.0,11.0,0.0,4.0,49.0,26.0,2149.0,6220.0,946.0,24.0,223.0,660.0,0.0,133.0,160.0,86.0,0.0,0.0,287.0,517.0,0.0,85.0,12.0,7.0,2.0,0.0,48.0,18.0,8.0,1292.0,0.0,25.0,0.0,11.0,24.0,73.0,34.0,0.0,5.0,777.0,0.0,333.0,3297.0,415.0,5.0,0.0,437.0,0.0,36.0,22.0,95.0,0.0,0.0,34.0,226.0,15.0,0.0,0.0,0.0,0.0,0.0,17.0,1290.0,0.0,243.0,0.0,0.0,0.0,0.0,20.0,0.0,0.0,0.0,13.0,33.0,0.0,0.0,0.0,76.0,7708.0,335.0,9.0,0.0,444.0,5.0,127.0,229.0,530.0,219.0,192.0,368.0,378.0,17.0,5.0,94.0,345.0,0.0,93.0,10.0,0.0,41.0,15.0,0.0,41.0,0.0,300.0,0.0,0.0,80.0,207.0,0.0,311.0,0.0,0.0,9.0,0.0,10.0,32.0,26.0,0.0,0.0,141.0,0.0,0.0,17.0,3517.0,109.0,0.0,0.0,0.0,48.0,24.0,67.0,177.0,32.0,0.0,0.0,0.0,0.0,0.0,0.0,0.0,3.0,0.0,0.0,447.0,43.0,91.0,0.0,0.0,4.0,0.0,522.0,0.0,0.0,0.0,7.0,0.0,0.0,84.0,0.0,0.0,21.0,0.0,0.0,0.0,0.0,5.0,0.0,0.0,0.0,49.0,219.0,0.0,0.0,606.0,0.0,277.0,0.0,21.0,0.0,0.0,0.0,43.0,0.0,0.0,0.0,14.0,0.0,0.0,102.0,2.0,7.0,0.0,0.0,0.0,0.0,0.0,0.0,0.0,0.0,0.0,0.0,0.0,0.0,0.0,31.0,769.0,0.0,0.0,0.0,0.0,0.0,0.0,0.0,0.0,41.0,0.0,10.0,0.0,0.0,12.0,0.0,63.0,0.0,39.0,186.0,0.0,0.0,565.0,397.0,0.0,0.0,0.0,1161.0,86.0,100.0,0.0,0.0,0.0,0.0,0.0,16.0,0.0,0.0,0.0,0.0,0.0,4.0,225.0,125.0,0.0,0.0,0.0,53.0,8.0,0.0,0.0,0.0,0.0,5.0,27.0,301.0,8.0,0.0,0.0,0.0,0.0,0.0,0.0,143.0,24.0,38.0,22.0,152.0,0.0,0.0,0.0,0.0,0.0,0.0,0.0,0.0,14.0,0.0,0.0,0.0,0.0,0.0,0.0,0.0,0.0,360.0,0.0,0.0,0.0,15.0,6.0,0.0,13.0,0.0,14.0,0.0,0.0,0.0,0.0,0.0,0.0,0.0,0.0,0.0,0.0,0.0,43.0,4.0,15.0,0.0,0.0,0.0,20.0,0.0,6.0,0.0,0.0,0.0,3.0,0.0,0.0,13.0,0.0,0.0,0.0,0.0,0.0,0.0,0.0,21.0,12.0,0.0,0.0,8.0,0.0,31.0,0.0,0.0,0.0,0.0,0.0,0.0,0.0,0.0,0.0,0.0,0.0,372.0,40.0,0.0,0.0,0.0,0.0,0.0,0.0,0.0,0.0,0.0,10.0,0.0,0.0,0.0,7.0,0.0,0.0,0.0,0.0,0.0,0.0,0.0,8.0,0.0,426.0,20.0,11.0,0.0,0.0,Buhi,Tribu
